2_C-10.61;3_C151.15;4_C-9.47;5_C201.84;6_C-6.27;9_C130.49;10_C228.66;11_C-138.89;12_C-27.88;13_C-13.33;14_C63.6
13.1;53.8;27;4.5;6.1;16.7;5.1;1.9;3.5;7.2;8.1
12.4;51.2;25.7;4.3;5.8;15.9;4.8;1.8;3.3;6.9;7.7
11.9;49.1;24.7;4.1;5.6;15.2;4.6;1.7;3.2;6.6;7.4
11.8;48.5;24.4;4.1;5.5;15;4.6;1.7;3.2;6.5;7.3
11.7;48;24.1;4;5.4;14.9;4.5;1.7;3.1;6.5;7.2
11.2;46.2;23.2;3.9;5.2;14.3;4.3;1.6;3;6.2;7
11;45.1;22.7;3.8;5.1;14;4.2;1.6;2.9;6.1;6.8
10.8;44.4;22.3;3.7;5;13.8;4.2;1.6;2.9;6;6.7
10.9;44.7;22.5;3.8;5.1;13.9;4.2;1.6;2.9;6;6.7
11.3;46.3;23.3;3.9;5.3;14.3;4.4;1.6;3;6.3;7
11.7;48.2;24.2;4.1;5.5;14.9;4.5;1.7;3.1;6.5;7.3
12.6;51.7;26;4.4;5.9;16;4.9;1.8;3.4;7;7.8
13.3;54.8;27.5;4.6;6.2;17;5.1;2;3.6;7.4;8.3
14;57.5;28.9;4.9;6.5;17.8;5.4;2.1;3.8;7.8;8.7
14.3;58.9;29.6;5;6.7;18.3;5.5;2.1;3.8;8;8.9
14.6;60;30.1;5.1;6.8;18.6;5.6;2.1;3.9;8.1;9.1
14.8;60.9;30.6;5.1;6.9;18.9;5.7;2.2;4;8.3;9.2
14.9;61.3;30.8;5.2;7;19;5.8;2.2;4;8.3;9.3
15;61.5;30.9;5.2;7;19.1;5.8;2.2;4;8.3;9.3
15;61.7;31;5.2;7;19.1;5.8;2.2;4;8.4;9.3
15.1;62.1;31.2;5.3;7.1;19.3;5.8;2.2;4.1;8.4;9.4
15.1;62;31.2;5.2;7.1;19.2;5.8;2.2;4.1;8.4;9.4
15.2;62.3;31.3;5.3;7.1;19.3;5.9;2.2;4.1;8.5;9.5
14.9;61.2;30.8;5.2;7;19;5.8;2.2;4;8.3;9.3
14.8;60.7;30.5;5.1;6.9;18.8;5.7;2.2;4;8.3;9.2
14.6;60;30.2;5.1;6.9;18.6;5.6;2.1;3.9;8.2;9.1
14.3;58.8;29.5;5;6.7;18.2;5.5;2.1;3.8;8;8.9
14.1;58;29.2;4.9;6.6;18;5.5;2.1;3.8;7.9;8.8
14;57.4;28.8;4.9;6.6;17.8;5.4;2.1;3.8;7.8;8.7
13.9;57.1;28.7;4.8;6.5;17.7;5.4;2;3.7;7.8;8.7
14;57.5;28.9;4.9;6.6;17.8;5.4;2.1;3.8;7.9;8.8
14.3;58.8;29.5;5;6.7;18.2;5.5;2.1;3.9;8;9
14.8;60.6;30.4;5.1;6.9;18.8;5.7;2.2;4;8.3;9.2
15;61.6;31;5.2;7.1;19.1;5.8;2.2;4;8.4;9.4
14.8;60.7;30.5;5.1;7;18.8;5.7;2.2;4;8.3;9.3
14.4;58.8;29.6;5;6.7;18.3;5.5;2.1;3.9;8;9
13.9;57.2;28.7;4.8;6.5;17.7;5.4;2.1;3.8;7.8;8.7
13.6;55.8;28;4.7;6.4;17.3;5.2;2;3.7;7.6;8.5
13.4;55.1;27.7;4.7;6.3;17.1;5.2;2;3.6;7.5;8.4
14.1;57.6;28.9;4.9;6.6;17.9;5.4;2.1;3.8;7.9;8.8
14.1;57.6;28.9;4.9;6.6;17.9;5.4;2.1;3.8;7.9;8.8
13.9;57;28.6;4.8;6.5;17.7;5.3;2.1;3.7;7.8;8.7
13.3;54.4;27.3;4.6;6.2;16.9;5.1;2;3.6;7.5;8.3
12.6;51.6;25.9;4.4;5.9;16;4.8;1.9;3.4;7.1;7.9
12.5;51.2;25.7;4.3;5.9;15.9;4.8;1.8;3.4;7;7.8
12.4;50.6;25.4;4.3;5.8;15.7;4.8;1.8;3.3;6.9;7.8
12;48.9;24.6;4.2;5.6;15.2;4.6;1.8;3.2;6.7;7.5
11.7;47.8;24;4.1;5.5;14.8;4.5;1.7;3.1;6.6;7.3
11.5;46.9;23.6;4;5.4;14.6;4.4;1.7;3.1;6.4;7.2
11.5;47;23.6;4;5.4;14.6;4.4;1.7;3.1;6.5;7.2
11.7;48.1;24.1;4.1;5.5;14.9;4.5;1.7;3.2;6.6;7.4
12.2;49.8;25;4.2;5.7;15.5;4.7;1.8;3.3;6.9;7.7
13;53;26.6;4.5;6.1;16.5;5;1.9;3.5;7.3;8.1
13.7;56.2;28.2;4.8;6.5;17.5;5.3;2;3.7;7.7;8.6
14.5;59.2;29.7;5;6.8;18.4;5.6;2.1;3.9;8.2;9.1
14.8;60.6;30.4;5.2;7;18.8;5.7;2.2;4;8.4;9.3
15;61.5;30.9;5.2;7.1;19.1;5.8;2.2;4.1;8.5;9.5
15.2;62.2;31.2;5.3;7.2;19.3;5.8;2.2;4.1;8.6;9.6
15.3;62.5;31.4;5.3;7.2;19.4;5.9;2.3;4.1;8.6;9.6
15.3;62.5;31.4;5.3;7.2;19.4;5.9;2.3;4.1;8.6;9.6
15.3;62.6;31.4;5.3;7.2;19.4;5.9;2.3;4.1;8.6;9.6
15.4;62.9;31.6;5.4;7.3;19.5;5.9;2.3;4.2;8.7;9.7
15.4;62.8;31.5;5.3;7.2;19.5;5.9;2.3;4.1;8.7;9.7
15.3;62.7;31.5;5.3;7.2;19.5;5.9;2.3;4.1;8.7;9.7
15.1;61.8;31;5.3;7.1;19.2;5.8;2.2;4.1;8.5;9.5
14.9;61.1;30.7;5.2;7.1;19;5.7;2.2;4;8.5;9.4
14.9;60.7;30.4;5.2;7;18.8;5.7;2.2;4;8.4;9.4
14.5;59.3;29.7;5.1;6.8;18.4;5.6;2.1;3.9;8.2;9.2
14.3;58.6;29.4;5;6.8;18.2;5.5;2.1;3.9;8.1;9.1
14.2;57.9;29;4.9;6.7;18;5.4;2.1;3.8;8;9
14.1;57.5;28.9;4.9;6.6;17.9;5.4;2.1;3.8;8;8.9
14.2;57.9;29.1;4.9;6.7;18;5.4;2.1;3.8;8;9
14.5;59.1;29.6;5;6.8;18.3;5.5;2.1;3.9;8.2;9.1
14.8;60.6;30.4;5.2;7;18.8;5.7;2.2;4;8.4;9.4
15.2;61.9;31.1;5.3;7.2;19.2;5.8;2.2;4.1;8.6;9.6
15;61.1;30.7;5.2;7.1;19;5.7;2.2;4;8.5;9.5
14.5;59.3;29.7;5.1;6.9;18.4;5.6;2.2;3.9;8.2;9.2
14.1;57.5;28.9;4.9;6.7;17.9;5.4;2.1;3.8;8;8.9
13.8;56.3;28.2;4.8;6.5;17.5;5.3;2;3.7;7.8;8.7
13.6;55.4;27.8;4.7;6.4;17.2;5.2;2;3.7;7.7;8.6
14;57.2;28.7;4.9;6.6;17.8;5.4;2.1;3.8;8;8.9
14.2;57.9;29;4.9;6.7;18;5.4;2.1;3.8;8.1;9
14;57.2;28.7;4.9;6.6;17.8;5.4;2.1;3.8;8;8.9
13.5;54.9;27.5;4.7;6.4;17.1;5.1;2;3.6;7.6;8.5
12.7;51.8;26;4.4;6;16.1;4.9;1.9;3.4;7.2;8.1
12.6;51.4;25.8;4.4;6;16;4.8;1.9;3.4;7.2;8
12.4;50.7;25.4;4.3;5.9;15.8;4.8;1.8;3.4;7.1;7.9
12.1;49.3;24.7;4.2;5.7;15.3;4.6;1.8;3.3;6.9;7.7
11.8;47.9;24;4.1;5.6;14.9;4.5;1.7;3.2;6.7;7.5
11.5;47;23.6;4;5.5;14.6;4.4;1.7;3.1;6.6;7.3
11.5;47;23.6;4;5.5;14.6;4.4;1.7;3.1;6.6;7.3
11.7;47.8;24;4.1;5.6;14.8;4.5;1.7;3.2;6.7;7.5
12.2;49.6;24.9;4.2;5.8;15.4;4.6;1.8;3.3;6.9;7.7
12.9;52.4;26.3;4.5;6.1;16.3;4.9;1.9;3.5;7.3;8.2
13.6;55.6;27.9;4.8;6.5;17.3;5.2;2;3.7;7.8;8.7
14.4;58.7;29.4;5;6.8;18.2;5.5;2.1;3.9;8.2;9.2
14.8;60.4;30.3;5.2;7;18.8;5.7;2.2;4;8.4;9.4
15.1;61.4;30.8;5.3;7.2;19.1;5.8;2.2;4.1;8.6;9.6
15.3;62.2;31.2;5.3;7.2;19.3;5.8;2.3;4.1;8.7;9.7
15.4;62.6;31.4;5.4;7.3;19.5;5.9;2.3;4.2;8.8;9.8
15.4;62.7;31.4;5.4;7.3;19.5;5.9;2.3;4.2;8.8;9.8
15.4;62.8;31.5;5.4;7.3;19.5;5.9;2.3;4.2;8.8;9.8
15.5;63;31.6;5.4;7.3;19.6;5.9;2.3;4.2;8.8;9.9
15.5;63.2;31.7;5.4;7.4;19.7;5.9;2.3;4.2;8.9;9.9
15.5;62.9;31.5;5.4;7.3;19.6;5.9;2.3;4.2;8.8;9.9
15.3;62.2;31.2;5.3;7.3;19.3;5.8;2.3;4.1;8.7;9.7
15.1;61.4;30.8;5.3;7.2;19.1;5.7;2.2;4.1;8.6;9.6
15;61.1;30.6;5.2;7.1;19;5.7;2.2;4.1;8.6;9.6
14.7;59.7;29.9;5.1;7;18.6;5.6;2.2;4;8.4;9.4
14.5;58.9;29.5;5.1;6.9;18.3;5.5;2.2;3.9;8.3;9.2
14.3;58.2;29.2;5;6.8;18.1;5.4;2.1;3.9;8.2;9.1
14.2;57.8;29;5;6.8;18;5.4;2.1;3.9;8.1;9.1
14.3;58;29.1;5;6.8;18;5.4;2.1;3.9;8.2;9.1
14.5;59.1;29.6;5.1;6.9;18.4;5.5;2.2;3.9;8.3;9.3
14.9;60.6;30.4;5.2;7.1;18.8;5.7;2.2;4;8.5;9.5
15.3;62.2;31.1;5.3;7.3;19.3;5.8;2.3;4.2;8.8;9.8
15.1;61.5;30.8;5.3;7.2;19.1;5.8;2.3;4.1;8.7;9.7
14.7;59.7;29.9;5.1;7;18.6;5.6;2.2;4;8.4;9.4
14.2;57.9;29;5;6.8;18;5.4;2.1;3.9;8.2;9.1
13.9;56.6;28.4;4.9;6.6;17.6;5.3;2.1;3.8;8;8.9
13.7;55.5;27.8;4.8;6.5;17.3;5.2;2;3.7;7.8;8.7
14;56.8;28.4;4.9;6.6;17.7;5.3;2.1;3.8;8;8.9
14.3;58.3;29.2;5;6.8;18.1;5.5;2.1;3.9;8.2;9.2
14.2;57.5;28.8;4.9;6.7;17.9;5.4;2.1;3.8;8.1;9.1
13.7;55.7;27.9;4.8;6.5;17.3;5.2;2;3.7;7.9;8.8
12.9;52.4;26.2;4.5;6.1;16.3;4.9;1.9;3.5;7.4;8.3
12.8;51.8;26;4.5;6.1;16.1;4.8;1.9;3.5;7.3;8.2
12.6;51.1;25.6;4.4;6;15.9;4.8;1.9;3.4;7.2;8.1
12.3;49.9;25;4.3;5.9;15.5;4.7;1.8;3.3;7.1;7.9
11.9;48.3;24.2;4.2;5.7;15;4.5;1.8;3.2;6.8;7.6
11.7;47.3;23.7;4.1;5.6;14.7;4.4;1.7;3.2;6.7;7.5
11.6;47.1;23.6;4.1;5.5;14.7;4.4;1.7;3.2;6.7;7.4
11.7;47.6;23.8;4.1;5.6;14.8;4.4;1.8;3.2;6.7;7.5
12.2;49.4;24.7;4.3;5.8;15.4;4.6;1.8;3.3;7;7.8
12.8;51.8;26;4.5;6.1;16.1;4.8;1.9;3.5;7.3;8.2
13.6;55.1;27.6;4.7;6.5;17.2;5.2;2;3.7;7.8;8.7
14.3;58.2;29.2;5;6.8;18.1;5.4;2.1;3.9;8.3;9.2
14.8;59.9;30;5.2;7;18.6;5.6;2.2;4;8.5;9.5
15;60.8;30.5;5.2;7.2;18.9;5.7;2.2;4.1;8.6;9.6
15.2;61.5;30.8;5.3;7.2;19.1;5.7;2.3;4.1;8.7;9.7
15.3;62;31.1;5.3;7.3;19.3;5.8;2.3;4.2;8.8;9.8
15.3;62.1;31.1;5.4;7.3;19.3;5.8;2.3;4.2;8.8;9.8
15.3;62.1;31.1;5.4;7.3;19.3;5.8;2.3;4.2;8.8;9.9
15.4;62.3;31.2;5.4;7.3;19.4;5.8;2.3;4.2;8.9;9.9
15.4;62.6;31.3;5.4;7.4;19.5;5.8;2.3;4.2;8.9;9.9
15.3;62.1;31.1;5.4;7.3;19.3;5.8;2.3;4.2;8.8;9.9
15.2;61.7;30.9;5.3;7.3;19.2;5.8;2.3;4.1;8.8;9.8
15;60.7;30.4;5.2;7.2;18.9;5.7;2.2;4.1;8.6;9.6
14.9;60.4;30.3;5.2;7.1;18.8;5.6;2.2;4.1;8.6;9.6
14.6;59.1;29.6;5.1;7;18.4;5.5;2.2;4;8.4;9.4
14.4;58.3;29.2;5;6.9;18.1;5.4;2.2;3.9;8.3;9.3
14.2;57.5;28.8;5;6.8;17.9;5.4;2.1;3.9;8.2;9.1
14.1;57.1;28.6;4.9;6.7;17.8;5.3;2.1;3.8;8.1;9.1
14.1;57.2;28.6;4.9;6.8;17.8;5.3;2.1;3.8;8.2;9.1
14.4;58.2;29.1;5;6.9;18.1;5.4;2.2;3.9;8.3;9.3
14.7;59.5;29.8;5.1;7;18.5;5.6;2.2;4;8.5;9.5
15.1;61.3;30.7;5.3;7.2;19.1;5.7;2.3;4.1;8.8;9.8
15;60.9;30.5;5.3;7.2;19;5.7;2.3;4.1;8.7;9.7
14.7;59.4;29.7;5.1;7;18.5;5.5;2.2;4;8.5;9.5
14.2;57.5;28.8;5;6.8;17.9;5.4;2.1;3.9;8.2;9.2
13.9;56.2;28.1;4.9;6.6;17.5;5.2;2.1;3.8;8;9
13.6;55.1;27.6;4.8;6.5;17.2;5.1;2;3.7;7.9;8.8
13.8;55.8;27.9;4.8;6.6;17.4;5.2;2.1;3.8;8;8.9
14.3;58.1;29.1;5;6.9;18.1;5.4;2.2;3.9;8.3;9.3
14.1;57.1;28.6;4.9;6.8;17.8;5.3;2.1;3.9;8.2;9.1
13.8;55.7;27.9;4.8;6.6;17.3;5.2;2.1;3.8;8;8.9
12.9;52.3;26.2;4.5;6.2;16.3;4.9;1.9;3.5;7.5;8.4
12.7;51.5;25.8;4.4;6.1;16;4.8;1.9;3.5;7.4;8.2
12.5;50.7;25.4;4.4;6;15.8;4.7;1.9;3.4;7.3;8.1
12.3;49.8;24.9;4.3;5.9;15.5;4.6;1.9;3.4;7.1;8
11.9;48.1;24.1;4.2;5.7;15;4.5;1.8;3.2;6.9;7.7
11.6;47.1;23.6;4.1;5.6;14.7;4.4;1.8;3.2;6.8;7.5
11.6;46.8;23.4;4;5.5;14.6;4.4;1.7;3.2;6.7;7.5
11.6;47.1;23.6;4.1;5.6;14.7;4.4;1.8;3.2;6.8;7.5
12.1;48.8;24.4;4.2;5.8;15.2;4.6;1.8;3.3;7;7.8
12.6;50.8;25.4;4.4;6;15.8;4.7;1.9;3.4;7.3;8.1
13.4;54.1;27;4.7;6.4;16.8;5;2;3.7;7.8;8.7
14.1;57;28.5;4.9;6.8;17.8;5.3;2.1;3.9;8.2;9.1
14.6;58.9;29.5;5.1;7;18.4;5.5;2.2;4;8.5;9.4
14.8;59.9;30;5.2;7.1;18.7;5.6;2.2;4;8.6;9.6
15;60.7;30.4;5.3;7.2;18.9;5.7;2.3;4.1;8.7;9.7
15.2;61.4;30.7;5.3;7.3;19.1;5.7;2.3;4.1;8.8;9.8
15.2;61.5;30.8;5.3;7.3;19.2;5.7;2.3;4.2;8.8;9.9
15.2;61.5;30.8;5.3;7.3;19.2;5.7;2.3;4.2;8.8;9.9
15.2;61.6;30.8;5.3;7.3;19.2;5.7;2.3;4.2;8.9;9.9
15.3;61.8;30.9;5.4;7.3;19.3;5.8;2.3;4.2;8.9;9.9
15.2;61.4;30.7;5.3;7.3;19.1;5.7;2.3;4.2;8.8;9.9
15.2;61.3;30.6;5.3;7.3;19.1;5.7;2.3;4.1;8.8;9.8
14.8;59.8;29.9;5.2;7.1;18.6;5.6;2.2;4;8.6;9.6
14.7;59.4;29.7;5.1;7.1;18.5;5.5;2.2;4;8.6;9.5
14.4;58;29;5;6.9;18.1;5.4;2.2;3.9;8.4;9.3
14.1;57.1;28.6;5;6.8;17.8;5.3;2.1;3.9;8.2;9.2
13.9;56.2;28.1;4.9;6.7;17.5;5.2;2.1;3.8;8.1;9
13.8;55.6;27.8;4.8;6.6;17.3;5.2;2.1;3.8;8;8.9
13.8;55.6;27.8;4.8;6.6;17.3;5.2;2.1;3.8;8;9
14;56.6;28.3;4.9;6.7;17.7;5.3;2.1;3.8;8.2;9.1
14.3;57.7;28.9;5;6.9;18;5.4;2.2;3.9;8.3;9.3
14.6;59.1;29.6;5.1;7;18.4;5.5;2.2;4;8.5;9.5
14.6;58.9;29.5;5.1;7;18.4;5.5;2.2;4;8.5;9.5
14.3;57.8;28.9;5;6.9;18;5.4;2.2;3.9;8.4;9.3
13.9;56.2;28.1;4.9;6.7;17.5;5.2;2.1;3.8;8.1;9.1
13.6;55;27.5;4.8;6.6;17.1;5.1;2.1;3.7;8;8.9
13.4;54;27;4.7;6.4;16.8;5;2;3.7;7.8;8.7
13.5;54.4;27.2;4.7;6.5;17;5.1;2;3.7;7.9;8.8
14.2;57.2;28.6;5;6.8;17.8;5.3;2.1;3.9;8.3;9.2
13.9;56.2;28.1;4.9;6.7;17.5;5.2;2.1;3.8;8.1;9.1
13.6;55.1;27.5;4.8;6.6;17.2;5.1;2.1;3.7;8;8.9
12.8;51.5;25.8;4.5;6.2;16.1;4.8;1.9;3.5;7.5;8.3
12.4;50.2;25.1;4.4;6;15.6;4.7;1.9;3.4;7.3;8.1
12.2;49.3;24.6;4.3;5.9;15.4;4.6;1.8;3.3;7.1;8
12;48.3;24.2;4.2;5.8;15.1;4.5;1.8;3.3;7;7.8
11.5;46.3;23.2;4;5.5;14.4;4.3;1.7;3.1;6.7;7.5
11.2;45.1;22.6;3.9;5.4;14.1;4.2;1.7;3.1;6.5;7.3
11;44.4;22.2;3.9;5.3;13.8;4.1;1.7;3;6.4;7.2
10.9;44.1;22;3.8;5.3;13.7;4.1;1.7;3;6.4;7.1
11.1;44.7;22.3;3.9;5.3;13.9;4.2;1.7;3;6.5;7.2
11.2;45.2;22.6;3.9;5.4;14.1;4.2;1.7;3.1;6.6;7.3
11.5;46.2;23.1;4;5.5;14.4;4.3;1.7;3.1;6.7;7.5
11.7;47.2;23.6;4.1;5.6;14.7;4.4;1.8;3.2;6.9;7.6
12;48.4;24.2;4.2;5.8;15.1;4.5;1.8;3.3;7;7.8
12.4;49.8;24.9;4.3;6;15.5;4.6;1.9;3.4;7.2;8.1
12.8;51.4;25.7;4.5;6.2;16;4.8;1.9;3.5;7.5;8.3
13.1;53;26.5;4.6;6.3;16.5;4.9;2;3.6;7.7;8.6
13.3;53.6;26.8;4.7;6.4;16.7;5;2;3.6;7.8;8.7
13.4;53.9;27;4.7;6.5;16.8;5;2;3.7;7.8;8.7
13.4;54.1;27;4.7;6.5;16.9;5;2;3.7;7.9;8.8
13.6;54.7;27.3;4.8;6.6;17;5.1;2.1;3.7;8;8.9
13.7;55.3;27.6;4.8;6.6;17.2;5.1;2.1;3.8;8.1;9
13.8;55.7;27.9;4.8;6.7;17.4;5.2;2.1;3.8;8.1;9
13.3;53.7;26.8;4.7;6.4;16.7;5;2;3.7;7.8;8.7
13.1;52.7;26.4;4.6;6.3;16.4;4.9;2;3.6;7.7;8.6
12.8;51.5;25.7;4.5;6.2;16.1;4.8;1.9;3.5;7.5;8.4
12.6;50.5;25.3;4.4;6.1;15.8;4.7;1.9;3.4;7.4;8.2
12.3;49.6;24.8;4.3;6;15.5;4.6;1.9;3.4;7.2;8.1
12.2;49.1;24.6;4.3;5.9;15.3;4.6;1.9;3.3;7.2;8
12.2;49.2;24.6;4.3;5.9;15.3;4.6;1.9;3.4;7.2;8
12.5;50.3;25.1;4.4;6;15.7;4.7;1.9;3.4;7.3;8.2
12.8;51.6;25.8;4.5;6.2;16.1;4.8;1.9;3.5;7.5;8.4
13.2;53.2;26.6;4.6;6.4;16.6;5;2;3.6;7.8;8.6
13.3;53.7;26.8;4.7;6.5;16.8;5;2;3.7;7.8;8.7
13.2;53;26.5;4.6;6.4;16.5;4.9;2;3.6;7.8;8.6
12.9;51.8;25.9;4.5;6.2;16.2;4.8;2;3.5;7.6;8.4
12.7;51;25.5;4.4;6.1;15.9;4.7;1.9;3.5;7.5;8.3
12.5;50.3;25.1;4.4;6;15.7;4.7;1.9;3.4;7.4;8.2
12.6;50.7;25.4;4.4;6.1;15.8;4.7;1.9;3.5;7.4;8.3
13.4;54.1;27;4.7;6.5;16.9;5;2;3.7;7.9;8.8
13.3;53.6;26.8;4.7;6.5;16.7;5;2;3.7;7.9;8.7
13.1;52.8;26.4;4.6;6.4;16.5;4.9;2;3.6;7.7;8.6
12.4;49.9;24.9;4.3;6;15.6;4.6;1.9;3.4;7.3;8.1
12;48.2;24.1;4.2;5.8;15;4.5;1.8;3.3;7.1;7.9
11.8;47.4;23.7;4.1;5.7;14.8;4.4;1.8;3.2;6.9;7.7
11.6;46.5;23.2;4;5.6;14.5;4.3;1.8;3.2;6.8;7.6
11;44.4;22.2;3.9;5.3;13.9;4.1;1.7;3;6.5;7.2
10.7;43.1;21.5;3.8;5.2;13.5;4;1.6;2.9;6.3;7
10.5;42.1;21;3.7;5.1;13.1;3.9;1.6;2.9;6.2;6.9
10.3;41.6;20.8;3.6;5;13;3.9;1.6;2.8;6.1;6.8
10.4;41.7;20.8;3.6;5;13;3.9;1.6;2.8;6.1;6.8
10.4;41.8;20.9;3.6;5;13;3.9;1.6;2.9;6.1;6.8
10.5;42.2;21.1;3.7;5.1;13.2;3.9;1.6;2.9;6.2;6.9
10.6;42.5;21.2;3.7;5.1;13.3;4;1.6;2.9;6.2;6.9
10.7;43.2;21.6;3.8;5.2;13.5;4;1.6;3;6.3;7.1
11;44.1;22.1;3.8;5.3;13.8;4.1;1.7;3;6.5;7.2
11.3;45.6;22.8;4;5.5;14.2;4.2;1.7;3.1;6.7;7.4
11.8;47.2;23.6;4.1;5.7;14.7;4.4;1.8;3.2;6.9;7.7
12.1;48.4;24.2;4.2;5.8;15.1;4.5;1.8;3.3;7.1;7.9
12.3;49.4;24.7;4.3;6;15.4;4.6;1.9;3.4;7.3;8.1
12.4;50;25;4.4;6;15.6;4.7;1.9;3.4;7.4;8.2
12.6;50.7;25.3;4.4;6.1;15.8;4.7;1.9;3.5;7.5;8.3
12.8;51.6;25.8;4.5;6.2;16.1;4.8;2;3.5;7.6;8.4
13;52.2;26.1;4.6;6.3;16.3;4.9;2;3.6;7.7;8.5
12.5;50;25;4.4;6;15.6;4.7;1.9;3.4;7.4;8.2
12.1;48.5;24.2;4.2;5.9;15.1;4.5;1.8;3.3;7.1;7.9
11.8;47.4;23.7;4.1;5.7;14.8;4.4;1.8;3.2;7;7.8
11.5;46.3;23.1;4;5.6;14.5;4.3;1.8;3.2;6.8;7.6
11.3;45.5;22.7;4;5.5;14.2;4.2;1.7;3.1;6.7;7.5
11.2;45.1;22.5;3.9;5.4;14.1;4.2;1.7;3.1;6.6;7.4
11.2;45.1;22.5;3.9;5.5;14.1;4.2;1.7;3.1;6.7;7.4
11.5;46.3;23.1;4;5.6;14.5;4.3;1.8;3.2;6.8;7.6
12;48;24;4.2;5.8;15;4.5;1.8;3.3;7.1;7.9
12.5;50.1;25;4.4;6.1;15.7;4.7;1.9;3.4;7.4;8.2
12.8;51.5;25.7;4.5;6.2;16.1;4.8;2;3.5;7.6;8.4
12.9;51.7;25.8;4.5;6.3;16.1;4.8;2;3.5;7.6;8.5
12.7;51;25.5;4.5;6.2;15.9;4.7;1.9;3.5;7.5;8.4
12.6;50.5;25.2;4.4;6.1;15.8;4.7;1.9;3.5;7.5;8.3
12.4;49.8;24.9;4.4;6;15.6;4.6;1.9;3.4;7.4;8.2
12.4;49.8;24.9;4.3;6;15.5;4.6;1.9;3.4;7.4;8.2
13.1;52.7;26.3;4.6;6.4;16.5;4.9;2;3.6;7.8;8.6
13.1;52.4;26.2;4.6;6.3;16.4;4.9;2;3.6;7.7;8.6
13;52;26;4.5;6.3;16.2;4.8;2;3.6;7.7;8.5
12.3;49.5;24.7;4.3;6;15.5;4.6;1.9;3.4;7.3;8.1
11.8;47.4;23.7;4.1;5.8;14.8;4.4;1.8;3.3;7;7.8
11.7;46.9;23.4;4.1;5.7;14.7;4.4;1.8;3.2;6.9;7.7
11.6;46.4;23.2;4.1;5.6;14.5;4.3;1.8;3.2;6.9;7.6
11.1;44.6;22.3;3.9;5.4;13.9;4.2;1.7;3.1;6.6;7.3
10.9;43.6;21.8;3.8;5.3;13.6;4.1;1.7;3;6.5;7.2
10.7;43;21.5;3.8;5.2;13.4;4;1.6;2.9;6.4;7.1
10.8;43.2;21.6;3.8;5.2;13.5;4;1.6;3;6.4;7.1
11.2;44.8;22.4;3.9;5.4;14;4.2;1.7;3.1;6.6;7.4
11.6;46.6;23.3;4.1;5.7;14.6;4.3;1.8;3.2;6.9;7.7
12.5;50;25;4.4;6.1;15.6;4.6;1.9;3.4;7.4;8.2
13.2;53;26.5;4.6;6.4;16.6;4.9;2;3.6;7.9;8.7
13.9;55.6;27.8;4.9;6.8;17.4;5.2;2.1;3.8;8.2;9.2
14.2;57;28.5;5;6.9;17.8;5.3;2.2;3.9;8.5;9.4
14.5;58;29;5.1;7.1;18.1;5.4;2.2;4;8.6;9.6
14.7;58.9;29.4;5.2;7.2;18.4;5.5;2.3;4;8.7;9.7
14.8;59.3;29.6;5.2;7.2;18.5;5.5;2.3;4.1;8.8;9.8
14.8;59.5;29.7;5.2;7.2;18.6;5.5;2.3;4.1;8.8;9.8
14.9;59.7;29.8;5.2;7.3;18.7;5.5;2.3;4.1;8.9;9.8
15;60.2;30;5.3;7.3;18.8;5.6;2.3;4.1;8.9;9.9
15;60.1;30;5.3;7.3;18.8;5.6;2.3;4.1;8.9;9.9
15.1;60.3;30.1;5.3;7.3;18.8;5.6;2.3;4.1;9;9.9
14.8;59.3;29.6;5.2;7.2;18.5;5.5;2.3;4.1;8.8;9.8
14.7;58.8;29.4;5.1;7.2;18.4;5.5;2.2;4;8.7;9.7
14.5;58.1;29;5.1;7.1;18.2;5.4;2.2;4;8.6;9.6
14.2;56.9;28.4;5;6.9;17.8;5.3;2.2;3.9;8.5;9.4
14;56.2;28.1;4.9;6.8;17.6;5.2;2.2;3.9;8.4;9.3
13.9;55.6;27.8;4.9;6.8;17.4;5.2;2.1;3.8;8.3;9.2
13.8;55.3;27.6;4.8;6.7;17.3;5.1;2.1;3.8;8.2;9.1
13.9;55.8;27.8;4.9;6.8;17.4;5.2;2.1;3.8;8.3;9.2
14.2;57;28.5;5;6.9;17.8;5.3;2.2;3.9;8.5;9.4
14.7;58.8;29.3;5.1;7.2;18.4;5.5;2.2;4;8.7;9.7
14.9;59.7;29.8;5.2;7.3;18.7;5.6;2.3;4.1;8.9;9.9
14.7;58.9;29.4;5.2;7.2;18.4;5.5;2.3;4;8.8;9.7
14.3;57.1;28.5;5;7;17.8;5.3;2.2;3.9;8.5;9.4
13.8;55.4;27.7;4.9;6.8;17.3;5.2;2.1;3.8;8.3;9.2
13.5;54.2;27;4.7;6.6;16.9;5;2.1;3.7;8.1;8.9
13.4;53.4;26.7;4.7;6.5;16.7;5;2;3.7;8;8.8
14;55.9;27.9;4.9;6.8;17.5;5.2;2.1;3.8;8.3;9.2
14;55.9;27.9;4.9;6.8;17.5;5.2;2.1;3.8;8.3;9.2
13.8;55.3;27.6;4.8;6.7;17.3;5.1;2.1;3.8;8.2;9.1
13.2;52.7;26.3;4.6;6.4;16.5;4.9;2;3.6;7.9;8.7
12.5;50.1;25;4.4;6.1;15.7;4.7;1.9;3.4;7.5;8.3
12.4;49.6;24.8;4.3;6.1;15.5;4.6;1.9;3.4;7.4;8.2
12.3;49.1;24.5;4.3;6;15.4;4.6;1.9;3.4;7.3;8.1
11.9;47.5;23.7;4.2;5.8;14.9;4.4;1.8;3.3;7.1;7.9
11.6;46.4;23.2;4.1;5.7;14.5;4.3;1.8;3.2;6.9;7.7
11.4;45.6;22.7;4;5.6;14.2;4.2;1.7;3.1;6.8;7.5
11.4;45.6;22.8;4;5.6;14.3;4.2;1.8;3.1;6.8;7.5
11.7;46.7;23.3;4.1;5.7;14.6;4.3;1.8;3.2;7;7.7
12.1;48.4;24.2;4.2;5.9;15.1;4.5;1.9;3.3;7.2;8
12.9;51.5;25.7;4.5;6.3;16.1;4.8;2;3.5;7.7;8.5
13.7;54.6;27.3;4.8;6.7;17.1;5.1;2.1;3.8;8.2;9
14.4;57.5;28.7;5;7;18;5.3;2.2;4;8.6;9.5
14.7;58.9;29.4;5.2;7.2;18.4;5.5;2.3;4.1;8.8;9.7
14.9;59.8;29.8;5.2;7.3;18.7;5.5;2.3;4.1;8.9;9.9
15.1;60.5;30.2;5.3;7.4;18.9;5.6;2.3;4.2;9;10
15.2;60.8;30.3;5.3;7.4;19;5.6;2.3;4.2;9.1;10.1
15.2;60.8;30.3;5.3;7.4;19;5.6;2.3;4.2;9.1;10.1
15.2;60.8;30.4;5.3;7.4;19;5.6;2.3;4.2;9.1;10.1
15.3;61.2;30.5;5.4;7.5;19.1;5.7;2.4;4.2;9.1;10.1
15.3;61;30.5;5.3;7.5;19.1;5.7;2.3;4.2;9.1;10.1
15.2;61;30.4;5.3;7.5;19.1;5.7;2.3;4.2;9.1;10.1
15;60.1;30;5.3;7.4;18.8;5.6;2.3;4.1;9;10
14.9;59.4;29.7;5.2;7.3;18.6;5.5;2.3;4.1;8.9;9.8
14.8;59;29.5;5.2;7.2;18.5;5.5;2.3;4.1;8.8;9.8
14.4;57.7;28.8;5.1;7.1;18;5.4;2.2;4;8.6;9.6
14.3;57;28.4;5;7;17.8;5.3;2.2;3.9;8.5;9.4
14.1;56.3;28.1;4.9;6.9;17.6;5.2;2.2;3.9;8.4;9.3
14;56;27.9;4.9;6.9;17.5;5.2;2.2;3.9;8.4;9.3
14.1;56.3;28.1;4.9;6.9;17.6;5.2;2.2;3.9;8.4;9.3
14.4;57.5;28.7;5;7;18;5.3;2.2;4;8.6;9.5
14.8;59;29.5;5.2;7.2;18.5;5.5;2.3;4.1;8.8;9.8
15.1;60.3;30.1;5.3;7.4;18.9;5.6;2.3;4.2;9;10
14.9;59.5;29.7;5.2;7.3;18.6;5.5;2.3;4.1;8.9;9.9
14.4;57.7;28.8;5.1;7.1;18.1;5.4;2.2;4;8.7;9.6
14;56;28;4.9;6.9;17.5;5.2;2.2;3.9;8.4;9.3
13.7;54.8;27.4;4.8;6.7;17.1;5.1;2.1;3.8;8.2;9.1
13.5;53.9;26.9;4.7;6.6;16.9;5;2.1;3.7;8.1;8.9
13.9;55.7;27.8;4.9;6.8;17.4;5.2;2.1;3.8;8.4;9.2
14.1;56.4;28.2;4.9;6.9;17.6;5.2;2.2;3.9;8.5;9.4
14;55.8;27.8;4.9;6.8;17.4;5.2;2.2;3.8;8.4;9.3
13.4;53.5;26.7;4.7;6.6;16.7;5;2.1;3.7;8;8.9
12.6;50.5;25.2;4.4;6.2;15.8;4.7;1.9;3.5;7.6;8.4
12.5;50.1;25;4.4;6.1;15.7;4.6;1.9;3.5;7.5;8.3
12.4;49.5;24.7;4.3;6.1;15.5;4.6;1.9;3.4;7.4;8.2
12;48;24;4.2;5.9;15;4.5;1.9;3.3;7.2;8
11.7;46.7;23.3;4.1;5.7;14.6;4.3;1.8;3.2;7;7.8
11.5;45.9;22.9;4;5.6;14.3;4.3;1.8;3.2;6.9;7.6
11.5;45.8;22.9;4;5.6;14.3;4.3;1.8;3.2;6.9;7.6
11.7;46.6;23.3;4.1;5.7;14.6;4.3;1.8;3.2;7;7.7
12.1;48.4;24.2;4.2;5.9;15.1;4.5;1.9;3.3;7.3;8
12.8;51.1;25.5;4.5;6.3;16;4.7;2;3.5;7.7;8.5
13.6;54.2;27.1;4.8;6.7;17;5;2.1;3.7;8.2;9
14.3;57.2;28.6;5;7;17.9;5.3;2.2;4;8.6;9.5
14.8;58.9;29.4;5.2;7.2;18.4;5.5;2.3;4.1;8.9;9.8
15;60;29.9;5.3;7.4;18.8;5.6;2.3;4.1;9;10
15.2;60.7;30.3;5.3;7.5;19;5.6;2.3;4.2;9.1;10.1
15.3;61.1;30.5;5.4;7.5;19.1;5.7;2.4;4.2;9.2;10.2
15.3;61.2;30.6;5.4;7.5;19.2;5.7;2.4;4.2;9.2;10.2
15.3;61.3;30.6;5.4;7.5;19.2;5.7;2.4;4.2;9.2;10.2
15.4;61.5;30.7;5.4;7.6;19.3;5.7;2.4;4.2;9.3;10.2
15.5;61.7;30.8;5.4;7.6;19.3;5.7;2.4;4.3;9.3;10.3
15.4;61.4;30.7;5.4;7.6;19.2;5.7;2.4;4.2;9.2;10.2
15.2;60.7;30.3;5.3;7.5;19;5.6;2.3;4.2;9.1;10.1
15;60;29.9;5.3;7.4;18.8;5.6;2.3;4.1;9;10
14.9;59.7;29.8;5.2;7.3;18.7;5.5;2.3;4.1;9;9.9
14.6;58.3;29.1;5.1;7.2;18.2;5.4;2.3;4;8.8;9.7
14.4;57.6;28.7;5.1;7.1;18;5.3;2.2;4;8.7;9.6
14.3;56.9;28.4;5;7;17.8;5.3;2.2;3.9;8.6;9.5
14.2;56.5;28.2;5;7;17.7;5.2;2.2;3.9;8.5;9.4
14.2;56.7;28.3;5;7;17.7;5.3;2.2;3.9;8.5;9.4
14.5;57.8;28.8;5.1;7.1;18.1;5.4;2.2;4;8.7;9.6
14.8;59.2;29.5;5.2;7.3;18.5;5.5;2.3;4.1;8.9;9.9
15.2;60.8;30.3;5.3;7.5;19;5.6;2.4;4.2;9.2;10.1
15.1;60.1;30;5.3;7.4;18.8;5.6;2.3;4.2;9.1;10
14.6;58.4;29.2;5.1;7.2;18.3;5.4;2.3;4;8.8;9.7
14.2;56.6;28.3;5;7;17.7;5.3;2.2;3.9;8.5;9.4
13.9;55.3;27.6;4.9;6.8;17.3;5.1;2.1;3.8;8.4;9.2
13.6;54.3;27.1;4.8;6.7;17;5;2.1;3.8;8.2;9
13.9;55.5;27.7;4.9;6.8;17.4;5.1;2.2;3.8;8.4;9.2
14.3;57;28.5;5;7;17.9;5.3;2.2;3.9;8.6;9.5
14.1;56.3;28.1;4.9;6.9;17.6;5.2;2.2;3.9;8.5;9.4
13.7;54.5;27.2;4.8;6.7;17;5.1;2.1;3.8;8.2;9.1
12.8;51.2;25.6;4.5;6.3;16;4.8;2;3.5;7.7;8.5
12.7;50.7;25.3;4.4;6.3;15.9;4.7;2;3.5;7.7;8.4
12.5;50;24.9;4.4;6.2;15.6;4.6;1.9;3.5;7.6;8.3
12.2;48.8;24.4;4.3;6;15.3;4.5;1.9;3.4;7.4;8.1
11.9;47.3;23.6;4.2;5.8;14.8;4.4;1.8;3.3;7.2;7.9
11.6;46.3;23.1;4.1;5.7;14.5;4.3;1.8;3.2;7;7.7
11.6;46.1;23;4;5.7;14.4;4.3;1.8;3.2;7;7.7
11.7;46.6;23.3;4.1;5.8;14.6;4.3;1.8;3.2;7;7.8
12.1;48.4;24.1;4.2;6;15.1;4.5;1.9;3.3;7.3;8.1
12.7;50.8;25.3;4.5;6.3;15.9;4.7;2;3.5;7.7;8.5
13.5;54;27;4.7;6.7;16.9;5;2.1;3.7;8.2;9
14.3;57;28.5;5;7;17.9;5.3;2.2;3.9;8.6;9.5
14.7;58.7;29.3;5.1;7.2;18.4;5.4;2.3;4.1;8.9;9.8
14.9;59.6;29.7;5.2;7.4;18.7;5.5;2.3;4.1;9;9.9
15.1;60.3;30.1;5.3;7.4;18.9;5.6;2.3;4.2;9.1;10
15.3;60.8;30.3;5.3;7.5;19;5.6;2.4;4.2;9.2;10.1
15.3;60.9;30.4;5.3;7.5;19.1;5.6;2.4;4.2;9.2;10.1
15.3;60.9;30.4;5.3;7.5;19.1;5.6;2.4;4.2;9.2;10.2
15.3;61.1;30.5;5.4;7.5;19.1;5.7;2.4;4.2;9.2;10.2
15.4;61.3;30.6;5.4;7.6;19.2;5.7;2.4;4.2;9.3;10.2
15.3;60.9;30.4;5.3;7.5;19.1;5.6;2.4;4.2;9.2;10.1
15.2;60.5;30.2;5.3;7.5;19;5.6;2.4;4.2;9.2;10.1
14.9;59.5;29.7;5.2;7.4;18.6;5.5;2.3;4.1;9;9.9
14.9;59.3;29.6;5.2;7.3;18.6;5.5;2.3;4.1;9;9.9
14.5;57.9;28.9;5.1;7.2;18.1;5.4;2.3;4;8.8;9.7
14.3;57.2;28.5;5;7.1;17.9;5.3;2.2;4;8.7;9.5
14.2;56.4;28.2;4.9;7;17.7;5.2;2.2;3.9;8.5;9.4
14.1;56;28;4.9;6.9;17.5;5.2;2.2;3.9;8.5;9.3
14.1;56.1;28;4.9;6.9;17.6;5.2;2.2;3.9;8.5;9.4
14.3;57.1;28.5;5;7.1;17.9;5.3;2.2;4;8.7;9.5
14.7;58.4;29.2;5.1;7.2;18.3;5.4;2.3;4;8.9;9.7
15.1;60.2;30;5.3;7.4;18.8;5.6;2.3;4.2;9.1;10
15;59.8;29.8;5.2;7.4;18.7;5.5;2.3;4.1;9.1;10
14.6;58.3;29.1;5.1;7.2;18.3;5.4;2.3;4;8.8;9.7
14.2;56.5;28.2;5;7;17.7;5.2;2.2;3.9;8.6;9.4
13.9;55.2;27.6;4.8;6.8;17.3;5.1;2.1;3.8;8.4;9.2
13.6;54.1;27;4.7;6.7;16.9;5;2.1;3.7;8.2;9
13.7;54.8;27.3;4.8;6.8;17.2;5.1;2.1;3.8;8.3;9.1
14.3;57;28.5;5;7.1;17.9;5.3;2.2;3.9;8.7;9.5
14.1;56.1;28;4.9;6.9;17.6;5.2;2.2;3.9;8.5;9.4
13.7;54.7;27.3;4.8;6.8;17.1;5.1;2.1;3.8;8.3;9.1
12.9;51.4;25.6;4.5;6.4;16.1;4.8;2;3.6;7.8;8.6
12.7;50.6;25.2;4.4;6.3;15.8;4.7;2;3.5;7.7;8.4
12.5;49.8;24.9;4.4;6.2;15.6;4.6;1.9;3.4;7.6;8.3
12.3;49;24.4;4.3;6.1;15.3;4.5;1.9;3.4;7.4;8.2
11.9;47.3;23.6;4.1;5.9;14.8;4.4;1.8;3.3;7.2;7.9
11.6;46.3;23.1;4.1;5.7;14.5;4.3;1.8;3.2;7;7.7
11.5;46;23;4;5.7;14.4;4.3;1.8;3.2;7;7.7
11.6;46.3;23.1;4.1;5.7;14.5;4.3;1.8;3.2;7;7.7
12;48;23.9;4.2;5.9;15;4.4;1.9;3.3;7.3;8
12.5;50;24.9;4.4;6.2;15.7;4.6;1.9;3.5;7.6;8.3
13.3;53.2;26.5;4.7;6.6;16.7;4.9;2.1;3.7;8.1;8.9
14.1;56.1;28;4.9;7;17.6;5.2;2.2;3.9;8.5;9.4
14.6;58;28.9;5.1;7.2;18.2;5.4;2.3;4;8.8;9.7
14.8;59;29.4;5.2;7.3;18.5;5.5;2.3;4.1;9;9.8
15;59.7;29.8;5.2;7.4;18.7;5.5;2.3;4.1;9.1;10
15.2;60.4;30.2;5.3;7.5;18.9;5.6;2.4;4.2;9.2;10.1
15.2;60.5;30.2;5.3;7.5;19;5.6;2.4;4.2;9.2;10.1
15.2;60.5;30.2;5.3;7.5;19;5.6;2.4;4.2;9.2;10.1
15.2;60.6;30.3;5.3;7.5;19;5.6;2.4;4.2;9.2;10.1
15.3;60.9;30.4;5.3;7.5;19.1;5.6;2.4;4.2;9.3;10.2
15.2;60.4;30.2;5.3;7.5;18.9;5.6;2.4;4.2;9.2;10.1
15.2;60.3;30.1;5.3;7.5;18.9;5.6;2.4;4.2;9.2;10.1
14.8;58.9;29.4;5.2;7.3;18.4;5.5;2.3;4.1;9;9.8
14.7;58.5;29.2;5.1;7.3;18.3;5.4;2.3;4;8.9;9.8
14.4;57.1;28.5;5;7.1;17.9;5.3;2.2;4;8.7;9.5
14.1;56.3;28.1;4.9;7;17.6;5.2;2.2;3.9;8.6;9.4
13.9;55.4;27.6;4.9;6.9;17.3;5.1;2.2;3.8;8.4;9.2
13.8;54.8;27.3;4.8;6.8;17.2;5.1;2.1;3.8;8.3;9.1
13.8;54.8;27.4;4.8;6.8;17.2;5.1;2.1;3.8;8.3;9.1
14;55.8;27.9;4.9;6.9;17.5;5.2;2.2;3.9;8.5;9.3
14.3;56.9;28.4;5;7.1;17.8;5.3;2.2;3.9;8.7;9.5
14.6;58.3;29.1;5.1;7.2;18.3;5.4;2.3;4;8.9;9.7
14.6;58.1;29;5.1;7.2;18.2;5.4;2.3;4;8.8;9.7
14.3;57;28.5;5;7.1;17.9;5.3;2.2;3.9;8.7;9.5
13.9;55.4;27.6;4.9;6.9;17.4;5.1;2.2;3.8;8.4;9.2
13.6;54.2;27.1;4.8;6.7;17;5;2.1;3.8;8.3;9
13.4;53.3;26.6;4.7;6.6;16.7;4.9;2.1;3.7;8.1;8.9
13.5;53.7;26.8;4.7;6.7;16.8;5;2.1;3.7;8.2;9
14.2;56.5;28.2;4.9;7;17.7;5.2;2.2;3.9;8.6;9.4
13.9;55.5;27.7;4.9;6.9;17.4;5.1;2.2;3.8;8.4;9.3
13.6;54.3;27.1;4.8;6.7;17;5;2.1;3.8;8.3;9.1
12.8;50.9;25.4;4.5;6.3;15.9;4.7;2;3.5;7.7;8.5
12.4;49.5;24.7;4.3;6.2;15.5;4.6;1.9;3.4;7.5;8.3
12.2;48.6;24.3;4.3;6;15.2;4.5;1.9;3.4;7.4;8.1
12;47.7;23.8;4.2;5.9;14.9;4.4;1.9;3.3;7.3;8
11.5;45.7;22.8;4;5.7;14.3;4.2;1.8;3.2;7;7.6
11.2;44.5;22.2;3.9;5.5;14;4.1;1.7;3.1;6.8;7.4
11;43.8;21.9;3.8;5.4;13.7;4.1;1.7;3;6.7;7.3
10.9;43.5;21.7;3.8;5.4;13.6;4;1.7;3;6.6;7.3
11.1;44.1;22;3.9;5.5;13.8;4.1;1.7;3.1;6.7;7.4
11.2;44.6;22.3;3.9;5.5;14;4.1;1.7;3.1;6.8;7.4
11.5;45.7;22.8;4;5.7;14.3;4.2;1.8;3.2;7;7.6
11.7;46.6;23.3;4.1;5.8;14.6;4.3;1.8;3.2;7.1;7.8
12;47.8;23.8;4.2;5.9;15;4.4;1.9;3.3;7.3;8
12.4;49.2;24.6;4.3;6.1;15.4;4.6;1.9;3.4;7.5;8.2
12.8;50.8;25.4;4.4;6.3;15.9;4.7;2;3.5;7.7;8.5
13.1;52.3;26.1;4.6;6.5;16.4;4.9;2;3.6;8;8.7
13.3;53;26.5;4.6;6.6;16.6;4.9;2.1;3.7;8.1;8.8
13.4;53.3;26.6;4.7;6.6;16.7;4.9;2.1;3.7;8.1;8.9
13.4;53.5;26.7;4.7;6.6;16.8;5;2.1;3.7;8.1;8.9
13.6;54;27;4.7;6.7;16.9;5;2.1;3.7;8.2;9
13.7;54.7;27.3;4.8;6.8;17.1;5.1;2.1;3.8;8.3;9.1
13.9;55.1;27.5;4.8;6.9;17.3;5.1;2.2;3.8;8.4;9.2
13.3;53.1;26.5;4.6;6.6;16.6;4.9;2.1;3.7;8.1;8.8
13.1;52.1;26;4.6;6.5;16.3;4.8;2;3.6;8;8.7
12.8;50.9;25.4;4.5;6.3;16;4.7;2;3.5;7.8;8.5
12.6;50;25;4.4;6.2;15.7;4.6;2;3.5;7.6;8.3
12.3;49.1;24.5;4.3;6.1;15.4;4.6;1.9;3.4;7.5;8.2
12.2;48.6;24.3;4.3;6;15.2;4.5;1.9;3.4;7.4;8.1
12.2;48.7;24.3;4.3;6.1;15.3;4.5;1.9;3.4;7.4;8.1
12.5;49.8;24.8;4.4;6.2;15.6;4.6;1.9;3.4;7.6;8.3
12.8;51.1;25.5;4.5;6.4;16;4.7;2;3.5;7.8;8.5
13.2;52.6;26.3;4.6;6.6;16.5;4.9;2.1;3.6;8;8.8
13.4;53.1;26.5;4.6;6.6;16.7;4.9;2.1;3.7;8.1;8.9
13.2;52.5;26.2;4.6;6.5;16.5;4.9;2.1;3.6;8;8.7
12.9;51.3;25.6;4.5;6.4;16.1;4.8;2;3.5;7.8;8.5
12.7;50.5;25.2;4.4;6.3;15.8;4.7;2;3.5;7.7;8.4
12.5;49.8;24.9;4.4;6.2;15.6;4.6;1.9;3.4;7.6;8.3
12.6;50.2;25.1;4.4;6.3;15.7;4.7;2;3.5;7.7;8.4
13.5;53.6;26.7;4.7;6.7;16.8;5;2.1;3.7;8.2;8.9
13.4;53.1;26.5;4.6;6.6;16.7;4.9;2.1;3.7;8.1;8.9
13.1;52.3;26.1;4.6;6.5;16.4;4.9;2;3.6;8;8.7
12.4;49.4;24.7;4.3;6.2;15.5;4.6;1.9;3.4;7.5;8.2
12;47.8;23.9;4.2;5.9;15;4.4;1.9;3.3;7.3;8
11.8;47;23.4;4.1;5.8;14.7;4.4;1.8;3.2;7.2;7.8
11.6;46;23;4;5.7;14.4;4.3;1.8;3.2;7;7.7
11.1;44;22;3.8;5.5;13.8;4.1;1.7;3;6.7;7.3
10.7;42.7;21.3;3.7;5.3;13.4;4;1.7;3;6.5;7.1
10.5;41.7;20.8;3.6;5.2;13.1;3.9;1.6;2.9;6.4;6.9
10.4;41.2;20.6;3.6;5.1;12.9;3.8;1.6;2.8;6.3;6.9
10.4;41.4;20.7;3.6;5.2;13;3.8;1.6;2.9;6.3;6.9
10.4;41.5;20.7;3.6;5.2;13;3.8;1.6;2.9;6.3;6.9
10.5;41.9;20.9;3.7;5.2;13.1;3.9;1.6;2.9;6.4;7
10.6;42.2;21.1;3.7;5.3;13.2;3.9;1.7;2.9;6.4;7
10.8;42.8;21.4;3.7;5.3;13.4;4;1.7;3;6.5;7.1
11;43.8;21.9;3.8;5.5;13.7;4.1;1.7;3;6.7;7.3
11.4;45.2;22.6;4;5.6;14.2;4.2;1.8;3.1;6.9;7.5
11.8;46.9;23.4;4.1;5.8;14.7;4.3;1.8;3.2;7.2;7.8
12.1;48.1;24;4.2;6;15.1;4.5;1.9;3.3;7.3;8
12.3;49;24.5;4.3;6.1;15.4;4.5;1.9;3.4;7.5;8.2
12.5;49.6;24.8;4.3;6.2;15.6;4.6;1.9;3.4;7.6;8.3
12.7;50.4;25.1;4.4;6.3;15.8;4.7;2;3.5;7.7;8.4
12.9;51.2;25.6;4.5;6.4;16;4.7;2;3.5;7.8;8.5
13;51.9;25.9;4.5;6.5;16.3;4.8;2;3.6;7.9;8.6
12.5;49.7;24.8;4.3;6.2;15.6;4.6;1.9;3.4;7.6;8.3
12.1;48.2;24.1;4.2;6;15.1;4.5;1.9;3.3;7.4;8
11.8;47.1;23.5;4.1;5.9;14.8;4.4;1.8;3.2;7.2;7.8
11.6;46;23;4;5.7;14.4;4.3;1.8;3.2;7;7.6
11.4;45.2;22.6;3.9;5.6;14.2;4.2;1.8;3.1;6.9;7.5
11.3;44.8;22.4;3.9;5.6;14;4.2;1.8;3.1;6.8;7.4
11.3;44.8;22.4;3.9;5.6;14.1;4.2;1.8;3.1;6.8;7.5
11.6;46;23;4;5.7;14.4;4.3;1.8;3.2;7;7.6
12;47.7;23.8;4.2;5.9;14.9;4.4;1.9;3.3;7.3;7.9
12.5;49.8;24.9;4.3;6.2;15.6;4.6;2;3.4;7.6;8.3
12.9;51.2;25.6;4.5;6.4;16;4.7;2;3.5;7.8;8.5
12.9;51.4;25.7;4.5;6.4;16.1;4.8;2;3.5;7.9;8.5
12.8;50.7;25.3;4.4;6.3;15.9;4.7;2;3.5;7.8;8.4
12.6;50.3;25.1;4.4;6.3;15.8;4.7;2;3.5;7.7;8.3
12.5;49.5;24.8;4.3;6.2;15.5;4.6;1.9;3.4;7.6;8.2
12.4;49.5;24.7;4.3;6.2;15.5;4.6;1.9;3.4;7.6;8.2
13.2;52.4;26.2;4.6;6.5;16.4;4.9;2.1;3.6;8;8.7
13.1;52.1;26;4.5;6.5;16.3;4.8;2;3.6;8;8.6
13;51.7;25.8;4.5;6.5;16.2;4.8;2;3.6;7.9;8.6
12.4;49.2;24.6;4.3;6.1;15.4;4.6;1.9;3.4;7.5;8.2
11.9;47.2;23.6;4.1;5.9;14.8;4.4;1.9;3.3;7.2;7.8
11.7;46.7;23.3;4.1;5.8;14.6;4.3;1.8;3.2;7.1;7.8
11.6;46.2;23.1;4;5.8;14.5;4.3;1.8;3.2;7.1;7.7
11.2;44.4;22.2;3.9;5.5;13.9;4.1;1.7;3.1;6.8;7.4
10.9;43.4;21.7;3.8;5.4;13.6;4;1.7;3;6.6;7.2
10.8;42.8;21.4;3.7;5.3;13.4;4;1.7;2.9;6.5;7.1
10.8;43.1;21.5;3.8;5.4;13.5;4;1.7;3;6.6;7.1
11.2;44.6;22.3;3.9;5.6;14;4.1;1.7;3.1;6.8;7.4
11.7;46.4;23.2;4;5.8;14.6;4.3;1.8;3.2;7.1;7.7
12.5;49.8;24.9;4.3;6.2;15.6;4.6;2;3.4;7.6;8.3
13.3;52.8;26.4;4.6;6.6;16.5;4.9;2.1;3.6;8.1;8.8
13.9;55.4;27.7;4.8;6.9;17.4;5.1;2.2;3.8;8.5;9.2
14.3;56.8;28.4;4.9;7.1;17.8;5.3;2.2;3.9;8.7;9.4
14.5;57.8;28.9;5;7.2;18.1;5.4;2.3;4;8.8;9.6
14.8;58.8;29.4;5.1;7.3;18.4;5.5;2.3;4;9;9.7
14.9;59.2;29.6;5.2;7.4;18.5;5.5;2.3;4.1;9;9.8
14.9;59.3;29.6;5.2;7.4;18.6;5.5;2.3;4.1;9.1;9.8
15;59.5;29.7;5.2;7.4;18.7;5.5;2.3;4.1;9.1;9.9
15.1;60;30;5.2;7.5;18.8;5.6;2.4;4.1;9.2;9.9
15.1;59.9;29.9;5.2;7.5;18.8;5.6;2.4;4.1;9.2;9.9
15.1;60.1;30.1;5.2;7.5;18.9;5.6;2.4;4.1;9.2;10
14.9;59.1;29.6;5.1;7.4;18.5;5.5;2.3;4.1;9;9.8
14.7;58.6;29.3;5.1;7.3;18.4;5.4;2.3;4;9;9.7
14.6;58;29;5;7.2;18.2;5.4;2.3;4;8.9;9.6
14.3;56.8;28.4;4.9;7.1;17.8;5.3;2.2;3.9;8.7;9.4
14.1;56.1;28;4.9;7;17.6;5.2;2.2;3.9;8.6;9.3
13.9;55.5;27.7;4.8;6.9;17.4;5.1;2.2;3.8;8.5;9.2
13.9;55.2;27.6;4.8;6.9;17.3;5.1;2.2;3.8;8.4;9.1
14;55.7;27.8;4.8;6.9;17.4;5.2;2.2;3.8;8.5;9.2
14.3;56.9;28.4;4.9;7.1;17.8;5.3;2.2;3.9;8.7;9.4
14.7;58.7;29.3;5.1;7.3;18.4;5.4;2.3;4;9;9.7
15;59.6;29.8;5.2;7.4;18.7;5.5;2.3;4.1;9.1;9.9
14.8;58.8;29.4;5.1;7.3;18.4;5.5;2.3;4;9;9.7
14.3;57;28.5;5;7.1;17.9;5.3;2.2;3.9;8.7;9.4
13.9;55.4;27.7;4.8;6.9;17.4;5.1;2.2;3.8;8.5;9.2
13.6;54.1;27;4.7;6.8;17;5;2.1;3.7;8.3;8.9
13.4;53.4;26.7;4.6;6.7;16.7;5;2.1;3.7;8.2;8.8
14;55.8;27.9;4.9;7;17.5;5.2;2.2;3.8;8.5;9.2
14;55.8;27.9;4.8;7;17.5;5.2;2.2;3.8;8.5;9.2
13.9;55.3;27.6;4.8;6.9;17.3;5.1;2.2;3.8;8.4;9.1
13.2;52.7;26.3;4.6;6.6;16.5;4.9;2.1;3.6;8.1;8.7
12.6;50;25;4.3;6.2;15.7;4.6;2;3.4;7.6;8.3
12.5;49.6;24.8;4.3;6.2;15.6;4.6;1.9;3.4;7.6;8.2
12.3;49.1;24.6;4.3;6.1;15.4;4.6;1.9;3.4;7.5;8.1
11.9;47.5;23.7;4.1;5.9;14.9;4.4;1.9;3.3;7.3;7.8
11.7;46.4;23.2;4;5.8;14.5;4.3;1.8;3.2;7.1;7.7
11.4;45.6;22.8;4;5.7;14.3;4.2;1.8;3.1;7;7.5
11.5;45.6;22.8;4;5.7;14.3;4.2;1.8;3.1;7;7.5
11.7;46.7;23.3;4.1;5.8;14.6;4.3;1.8;3.2;7.1;7.7
12.2;48.4;24.2;4.2;6;15.2;4.5;1.9;3.3;7.4;8
12.9;51.5;25.8;4.5;6.4;16.2;4.8;2;3.5;7.9;8.5
13.7;54.6;27.3;4.7;6.8;17.1;5.1;2.1;3.8;8.3;9
14.5;57.6;28.8;5;7.2;18;5.3;2.3;4;8.8;9.5
14.8;58.9;29.5;5.1;7.4;18.5;5.5;2.3;4;9;9.7
15;59.8;29.9;5.2;7.5;18.7;5.6;2.3;4.1;9.1;9.9
15.2;60.5;30.3;5.3;7.6;19;5.6;2.4;4.2;9.2;10
15.3;60.8;30.4;5.3;7.6;19.1;5.6;2.4;4.2;9.3;10
15.3;60.8;30.4;5.3;7.6;19.1;5.6;2.4;4.2;9.3;10
15.3;60.9;30.5;5.3;7.6;19.1;5.7;2.4;4.2;9.3;10
15.4;61.2;30.6;5.3;7.6;19.2;5.7;2.4;4.2;9.4;10.1
15.4;61.1;30.6;5.3;7.6;19.2;5.7;2.4;4.2;9.3;10.1
15.3;61;30.5;5.3;7.6;19.1;5.7;2.4;4.2;9.3;10.1
15.1;60.2;30.1;5.2;7.5;18.9;5.6;2.4;4.1;9.2;9.9
15;59.5;29.8;5.2;7.4;18.7;5.5;2.3;4.1;9.1;9.8
14.9;59.1;29.6;5.1;7.4;18.5;5.5;2.3;4.1;9;9.7
14.5;57.8;28.9;5;7.2;18.1;5.4;2.3;4;8.8;9.5
14.3;57.1;28.6;4.9;7.1;17.9;5.3;2.2;3.9;8.7;9.4
14.2;56.4;28.2;4.9;7;17.7;5.2;2.2;3.9;8.6;9.3
14.1;56.1;28.1;4.9;7;17.6;5.2;2.2;3.8;8.6;9.2
14.2;56.5;28.2;4.9;7.1;17.7;5.2;2.2;3.9;8.6;9.3
14.5;57.6;28.8;5;7.2;18.1;5.4;2.3;4;8.8;9.5
14.9;59.2;29.6;5.1;7.4;18.5;5.5;2.3;4.1;9;9.7
15.2;60.4;30.2;5.2;7.5;18.9;5.6;2.4;4.1;9.2;9.9
15;59.6;29.8;5.2;7.4;18.7;5.5;2.3;4.1;9.1;9.8
14.5;57.9;29;5;7.2;18.2;5.4;2.3;4;8.8;9.5
14.1;56.2;28.1;4.9;7;17.6;5.2;2.2;3.9;8.6;9.2
13.8;55;27.5;4.8;6.9;17.2;5.1;2.2;3.8;8.4;9
13.6;54.1;27.1;4.7;6.8;17;5;2.1;3.7;8.3;8.9
14;55.9;28;4.8;7;17.5;5.2;2.2;3.8;8.5;9.2
14.2;56.6;28.3;4.9;7.1;17.7;5.3;2.2;3.9;8.6;9.3
14.1;56;28;4.8;7;17.5;5.2;2.2;3.8;8.5;9.2
13.5;53.7;26.9;4.6;6.7;16.8;5;2.1;3.7;8.2;8.8
12.7;50.7;25.4;4.4;6.3;15.9;4.7;2;3.5;7.7;8.3
12.6;50.3;25.2;4.3;6.3;15.8;4.7;2;3.4;7.7;8.3
12.5;49.7;24.8;4.3;6.2;15.6;4.6;2;3.4;7.6;8.2
12.1;48.2;24.1;4.2;6;15.1;4.5;1.9;3.3;7.4;7.9
11.8;46.9;23.5;4.1;5.9;14.7;4.4;1.8;3.2;7.2;7.7
11.6;46.1;23;4;5.7;14.4;4.3;1.8;3.2;7;7.6
11.6;46;23;4;5.7;14.4;4.3;1.8;3.2;7;7.6
11.8;46.8;23.4;4;5.8;14.7;4.3;1.8;3.2;7.1;7.7
12.2;48.6;24.3;4.2;6.1;15.2;4.5;1.9;3.3;7.4;8
12.9;51.4;25.7;4.4;6.4;16.1;4.8;2;3.5;7.8;8.4
13.7;54.5;27.3;4.7;6.8;17.1;5.1;2.1;3.7;8.3;8.9
14.4;57.5;28.8;5;7.2;18;5.3;2.3;3.9;8.8;9.4
14.9;59.2;29.6;5.1;7.4;18.6;5.5;2.3;4.1;9;9.7
15.1;60.3;30.2;5.2;7.5;18.9;5.6;2.4;4.1;9.2;9.9
15.3;61.1;30.6;5.3;7.6;19.1;5.7;2.4;4.2;9.3;10
15.4;61.5;30.8;5.3;7.7;19.3;5.7;2.4;4.2;9.4;10.1
15.5;61.5;30.8;5.3;7.7;19.3;5.7;2.4;4.2;9.4;10.1
15.5;61.6;30.8;5.3;7.7;19.3;5.7;2.4;4.2;9.4;10.1
15.5;61.9;31;5.3;7.7;19.4;5.7;2.4;4.2;9.4;10.1
15.6;62.1;31.1;5.4;7.7;19.5;5.8;2.4;4.2;9.5;10.2
15.5;61.8;30.9;5.3;7.7;19.4;5.7;2.4;4.2;9.4;10.1
15.3;61.1;30.6;5.3;7.6;19.1;5.7;2.4;4.2;9.3;10
15.1;60.3;30.2;5.2;7.5;18.9;5.6;2.4;4.1;9.2;9.9
15.1;60;30;5.2;7.5;18.8;5.6;2.4;4.1;9.1;9.8
14.7;58.7;29.4;5.1;7.3;18.4;5.4;2.3;4;8.9;9.6
14.5;57.9;29;5;7.2;18.2;5.4;2.3;4;8.8;9.5
14.4;57.3;28.7;4.9;7.1;17.9;5.3;2.2;3.9;8.7;9.4
14.3;56.8;28.5;4.9;7.1;17.8;5.3;2.2;3.9;8.7;9.3
14.3;57;28.6;4.9;7.1;17.9;5.3;2.2;3.9;8.7;9.3
14.6;58.2;29.1;5;7.3;18.2;5.4;2.3;4;8.9;9.5
15;59.6;29.8;5.1;7.4;18.7;5.5;2.3;4.1;9.1;9.7
15.4;61.2;30.6;5.3;7.6;19.2;5.7;2.4;4.2;9.3;10
15.2;60.5;30.3;5.2;7.6;19;5.6;2.4;4.1;9.2;9.9
14.8;58.8;29.5;5.1;7.3;18.4;5.5;2.3;4;9;9.6
14.3;57;28.6;4.9;7.1;17.9;5.3;2.2;3.9;8.7;9.3
14;55.8;27.9;4.8;7;17.5;5.2;2.2;3.8;8.5;9.1
13.7;54.7;27.4;4.7;6.8;17.2;5.1;2.1;3.7;8.3;8.9
14;55.9;28;4.8;7;17.5;5.2;2.2;3.8;8.5;9.1
14.4;57.5;28.8;4.9;7.2;18;5.3;2.3;3.9;8.8;9.4
14.2;56.7;28.4;4.9;7.1;17.8;5.3;2.2;3.9;8.6;9.2
13.8;54.9;27.5;4.7;6.8;17.2;5.1;2.2;3.7;8.4;8.9
13;51.6;25.9;4.4;6.4;16.2;4.8;2;3.5;7.9;8.4
12.8;51.1;25.6;4.4;6.4;16;4.7;2;3.5;7.8;8.3
12.6;50.4;25.2;4.3;6.3;15.8;4.7;2;3.4;7.7;8.2
12.4;49.2;24.7;4.2;6.1;15.4;4.6;1.9;3.4;7.5;8
12;47.7;23.9;4.1;6;15;4.4;1.9;3.3;7.3;7.8
11.7;46.7;23.4;4;5.8;14.7;4.3;1.8;3.2;7.1;7.6
11.7;46.5;23.3;4;5.8;14.6;4.3;1.8;3.2;7.1;7.6
11.8;47;23.5;4;5.9;14.7;4.4;1.8;3.2;7.2;7.6
12.2;48.8;24.4;4.2;6.1;15.3;4.5;1.9;3.3;7.4;7.9
12.8;51.2;25.7;4.4;6.4;16.1;4.8;2;3.5;7.8;8.3
13.7;54.5;27.3;4.7;6.8;17.1;5.1;2.1;3.7;8.3;8.9
14.4;57.6;28.8;4.9;7.2;18;5.4;2.3;3.9;8.8;9.4
14.9;59.2;29.7;5.1;7.4;18.6;5.5;2.3;4;9;9.6
15.1;60.2;30.1;5.2;7.5;18.9;5.6;2.4;4.1;9.1;9.8
15.3;60.9;30.5;5.2;7.6;19.1;5.7;2.4;4.1;9.3;9.9
15.4;61.4;30.7;5.3;7.7;19.2;5.7;2.4;4.2;9.3;10
15.4;61.5;30.8;5.3;7.7;19.3;5.7;2.4;4.2;9.3;10
15.4;61.5;30.8;5.3;7.7;19.3;5.7;2.4;4.2;9.3;10
15.5;61.7;30.9;5.3;7.7;19.3;5.7;2.4;4.2;9.4;10
15.5;61.9;31;5.3;7.7;19.4;5.8;2.4;4.2;9.4;10.1
15.4;61.5;30.8;5.3;7.7;19.3;5.7;2.4;4.2;9.3;10
15.3;61.2;30.6;5.2;7.6;19.2;5.7;2.4;4.2;9.3;9.9
15.1;60.2;30.1;5.2;7.5;18.9;5.6;2.4;4.1;9.1;9.8
15;59.9;30;5.1;7.5;18.8;5.6;2.3;4.1;9.1;9.7
14.7;58.5;29.3;5;7.3;18.3;5.4;2.3;4;8.9;9.5
14.5;57.8;29;5;7.2;18.1;5.4;2.3;3.9;8.8;9.4
14.3;57;28.6;4.9;7.1;17.9;5.3;2.2;3.9;8.7;9.2
14.2;56.6;28.4;4.9;7.1;17.7;5.3;2.2;3.8;8.6;9.2
14.2;56.8;28.4;4.9;7.1;17.8;5.3;2.2;3.9;8.6;9.2
14.5;57.8;28.9;5;7.2;18.1;5.4;2.3;3.9;8.8;9.4
14.8;59.1;29.6;5.1;7.4;18.5;5.5;2.3;4;9;9.6
15.2;60.8;30.5;5.2;7.6;19.1;5.7;2.4;4.1;9.2;9.8
15.1;60.4;30.3;5.2;7.5;18.9;5.6;2.4;4.1;9.2;9.8
14.8;58.9;29.5;5;7.3;18.5;5.5;2.3;4;8.9;9.5
14.3;57.1;28.6;4.9;7.1;17.9;5.3;2.2;3.9;8.7;9.2
14;55.8;28;4.8;7;17.5;5.2;2.2;3.8;8.5;9
13.7;54.7;27.4;4.7;6.8;17.2;5.1;2.1;3.7;8.3;8.8
13.9;55.4;27.8;4.7;6.9;17.4;5.2;2.2;3.8;8.4;9
14.5;57.7;28.9;4.9;7.2;18.1;5.4;2.3;3.9;8.8;9.3
14.2;56.8;28.5;4.9;7.1;17.8;5.3;2.2;3.9;8.6;9.2
13.9;55.4;27.8;4.7;6.9;17.4;5.2;2.2;3.8;8.4;8.9
13;52;26.1;4.4;6.5;16.3;4.8;2;3.5;7.9;8.4
12.8;51.2;25.7;4.4;6.4;16;4.8;2;3.5;7.8;8.3
12.6;50.5;25.3;4.3;6.3;15.8;4.7;2;3.4;7.7;8.1
12.4;49.6;24.8;4.2;6.2;15.5;4.6;1.9;3.4;7.5;8
12;47.9;24;4.1;6;15;4.5;1.9;3.2;7.3;7.7
11.7;46.9;23.5;4;5.8;14.7;4.4;1.8;3.2;7.1;7.6
11.7;46.6;23.4;4;5.8;14.6;4.3;1.8;3.2;7.1;7.5
11.7;46.9;23.5;4;5.8;14.7;4.4;1.8;3.2;7.1;7.6
12.2;48.6;24.4;4.2;6.1;15.2;4.5;1.9;3.3;7.4;7.8
12.7;50.6;25.4;4.3;6.3;15.9;4.7;2;3.4;7.7;8.2
13.5;53.9;27;4.6;6.7;16.9;5;2.1;3.6;8.2;8.7
14.2;56.8;28.5;4.9;7.1;17.8;5.3;2.2;3.8;8.6;9.1
14.7;58.8;29.5;5;7.3;18.4;5.5;2.3;4;8.9;9.5
15;59.8;30;5.1;7.4;18.7;5.6;2.3;4;9.1;9.6
15.2;60.6;30.4;5.2;7.5;19;5.6;2.4;4.1;9.2;9.7
15.3;61.2;30.7;5.2;7.6;19.2;5.7;2.4;4.1;9.3;9.8
15.4;61.3;30.8;5.2;7.6;19.2;5.7;2.4;4.1;9.3;9.9
15.4;61.4;30.8;5.2;7.6;19.2;5.7;2.4;4.1;9.3;9.9
15.4;61.5;30.8;5.2;7.7;19.3;5.7;2.4;4.2;9.3;9.9
15.5;61.7;31;5.3;7.7;19.3;5.7;2.4;4.2;9.3;9.9
15.3;61.3;30.7;5.2;7.6;19.2;5.7;2.4;4.1;9.3;9.8
15.3;61.2;30.7;5.2;7.6;19.2;5.7;2.4;4.1;9.3;9.8
15;59.7;30;5.1;7.4;18.7;5.6;2.3;4;9;9.6
14.9;59.3;29.8;5.1;7.4;18.6;5.5;2.3;4;9;9.5
14.5;58;29.1;4.9;7.2;18.2;5.4;2.3;3.9;8.8;9.3
14.3;57.1;28.6;4.9;7.1;17.9;5.3;2.2;3.9;8.6;9.2
14.1;56.2;28.2;4.8;7;17.6;5.2;2.2;3.8;8.5;9
13.9;55.6;27.9;4.7;6.9;17.4;5.2;2.2;3.8;8.4;8.9
13.9;55.7;27.9;4.7;6.9;17.4;5.2;2.2;3.8;8.4;8.9
14.2;56.7;28.4;4.8;7;17.8;5.3;2.2;3.8;8.6;9.1
14.5;57.8;29;4.9;7.2;18.1;5.4;2.3;3.9;8.7;9.3
14.8;59.2;29.7;5;7.4;18.5;5.5;2.3;4;8.9;9.5
14.8;59;29.6;5;7.3;18.5;5.5;2.3;4;8.9;9.4
14.5;57.9;29;4.9;7.2;18.1;5.4;2.3;3.9;8.7;9.3
14.1;56.2;28.2;4.8;7;17.6;5.2;2.2;3.8;8.5;9
13.8;55.1;27.6;4.7;6.9;17.3;5.1;2.2;3.7;8.3;8.8
13.5;54.2;27.2;4.6;6.7;17;5;2.1;3.7;8.2;8.7
13.6;54.6;27.4;4.6;6.8;17.1;5.1;2.1;3.7;8.2;8.7
14.4;57.4;28.8;4.9;7.1;18;5.3;2.2;3.9;8.7;9.2
14.1;56.4;28.3;4.8;7;17.7;5.3;2.2;3.8;8.5;9
13.8;55.2;27.7;4.7;6.9;17.3;5.1;2.2;3.7;8.3;8.8
12.9;51.7;25.9;4.4;6.4;16.2;4.8;2;3.5;7.8;8.3
12.6;50.3;25.3;4.3;6.3;15.8;4.7;2;3.4;7.6;8
12.4;49.4;24.8;4.2;6.1;15.5;4.6;1.9;3.3;7.5;7.9
12.1;48.5;24.3;4.1;6;15.2;4.5;1.9;3.3;7.3;7.7
11.6;46.5;23.3;3.9;5.8;14.6;4.3;1.8;3.1;7;7.4
11.3;45.3;22.7;3.8;5.6;14.2;4.2;1.8;3;6.8;7.2
11.1;44.6;22.4;3.8;5.5;14;4.2;1.7;3;6.7;7.1
11.1;44.3;22.2;3.8;5.5;13.9;4.1;1.7;3;6.7;7.1
11.2;44.9;22.5;3.8;5.6;14.1;4.2;1.8;3;6.8;7.1
11.4;45.4;22.8;3.9;5.6;14.2;4.2;1.8;3.1;6.8;7.2
11.6;46.5;23.3;3.9;5.8;14.5;4.3;1.8;3.1;7;7.4
11.8;47.4;23.8;4;5.9;14.8;4.4;1.9;3.2;7.1;7.5
12.2;48.6;24.4;4.1;6;15.2;4.5;1.9;3.3;7.3;7.7
12.5;50.1;25.1;4.2;6.2;15.7;4.7;2;3.4;7.5;8
12.9;51.7;26;4.4;6.4;16.2;4.8;2;3.5;7.8;8.2
13.3;53.3;26.7;4.5;6.6;16.7;5;2.1;3.6;8;8.5
13.5;54;27.1;4.6;6.7;16.9;5;2.1;3.6;8.1;8.6
13.6;54.3;27.3;4.6;6.7;17;5.1;2.1;3.6;8.2;8.6
13.6;54.4;27.3;4.6;6.8;17;5.1;2.1;3.7;8.2;8.6
13.8;55;27.6;4.7;6.8;17.2;5.1;2.1;3.7;8.3;8.7
13.9;55.7;28;4.7;6.9;17.4;5.2;2.2;3.7;8.4;8.8
14;56.1;28.2;4.8;7;17.6;5.2;2.2;3.8;8.5;8.9
13.5;54.1;27.2;4.6;6.7;16.9;5;2.1;3.6;8.1;8.6
13.3;53.1;26.7;4.5;6.6;16.6;5;2.1;3.6;8;8.4
13;51.9;26.1;4.4;6.4;16.3;4.8;2;3.5;7.8;8.2
12.7;51;25.6;4.3;6.3;16;4.8;2;3.4;7.7;8.1
12.5;50.1;25.1;4.2;6.2;15.7;4.7;2;3.4;7.5;7.9
12.4;49.6;24.9;4.2;6.1;15.5;4.6;1.9;3.3;7.5;7.8
12.4;49.6;24.9;4.2;6.2;15.5;4.6;1.9;3.3;7.5;7.9
12.7;50.7;25.5;4.3;6.3;15.9;4.7;2;3.4;7.6;8
13;52.1;26.2;4.4;6.5;16.3;4.9;2;3.5;7.8;8.2
13.4;53.7;27;4.5;6.7;16.8;5;2.1;3.6;8.1;8.5
13.5;54.2;27.2;4.6;6.7;17;5.1;2.1;3.6;8.1;8.6
13.4;53.5;26.9;4.5;6.6;16.8;5;2.1;3.6;8;8.5
13.1;52.3;26.3;4.4;6.5;16.4;4.9;2;3.5;7.9;8.3
12.9;51.5;25.9;4.3;6.4;16.1;4.8;2;3.4;7.7;8.1
12.7;50.8;25.5;4.3;6.3;15.9;4.7;2;3.4;7.6;8
12.8;51.3;25.8;4.3;6.4;16.1;4.8;2;3.4;7.7;8.1
13.6;54.7;27.5;4.6;6.8;17.1;5.1;2.1;3.7;8.2;8.6
13.5;54.2;27.3;4.6;6.7;17;5.1;2.1;3.6;8.1;8.6
13.3;53.4;26.8;4.5;6.6;16.7;5;2.1;3.6;8;8.4
12.6;50.4;25.3;4.3;6.3;15.8;4.7;2;3.4;7.6;8
12.2;48.8;24.5;4.1;6;15.3;4.5;1.9;3.3;7.3;7.7
12;47.9;24.1;4;5.9;15;4.5;1.9;3.2;7.2;7.6
11.7;47;23.6;4;5.8;14.7;4.4;1.8;3.1;7.1;7.4
11.2;44.9;22.6;3.8;5.6;14.1;4.2;1.8;3;6.7;7.1
10.9;43.7;21.9;3.7;5.4;13.7;4.1;1.7;2.9;6.5;6.9
10.6;42.6;21.4;3.6;5.3;13.3;4;1.7;2.8;6.4;6.7
10.5;42.1;21.2;3.5;5.2;13.2;3.9;1.6;2.8;6.3;6.6
10.5;42.3;21.2;3.6;5.2;13.2;3.9;1.6;2.8;6.3;6.6
10.6;42.4;21.3;3.6;5.2;13.3;4;1.7;2.8;6.4;6.7
10.7;42.8;21.5;3.6;5.3;13.4;4;1.7;2.9;6.4;6.7
10.7;43.1;21.7;3.6;5.3;13.5;4;1.7;2.9;6.5;6.8
10.9;43.8;22;3.7;5.4;13.7;4.1;1.7;2.9;6.6;6.9
11.2;44.8;22.5;3.8;5.5;14;4.2;1.7;3;6.7;7
11.5;46.2;23.2;3.9;5.7;14.5;4.3;1.8;3.1;6.9;7.3
11.9;47.9;24.1;4;5.9;15;4.5;1.9;3.2;7.2;7.5
12.3;49.2;24.7;4.1;6.1;15.4;4.6;1.9;3.3;7.4;7.7
12.5;50.1;25.2;4.2;6.2;15.7;4.7;2;3.3;7.5;7.9
12.7;50.7;25.5;4.3;6.3;15.9;4.7;2;3.4;7.6;8
12.8;51.5;25.9;4.3;6.4;16.1;4.8;2;3.4;7.7;8.1
13.1;52.4;26.3;4.4;6.5;16.4;4.9;2;3.5;7.8;8.2
13.2;53.1;26.7;4.5;6.6;16.6;5;2.1;3.5;7.9;8.3
12.7;50.8;25.6;4.3;6.3;15.9;4.7;2;3.4;7.6;8
12.3;49.3;24.8;4.1;6.1;15.4;4.6;1.9;3.3;7.4;7.7
12;48.1;24.2;4;6;15.1;4.5;1.9;3.2;7.2;7.5
11.7;47.1;23.7;4;5.8;14.7;4.4;1.8;3.1;7;7.4
11.5;46.3;23.3;3.9;5.7;14.5;4.3;1.8;3.1;6.9;7.2
11.4;45.8;23.1;3.8;5.7;14.3;4.3;1.8;3;6.8;7.2
11.4;45.9;23.1;3.8;5.7;14.4;4.3;1.8;3.1;6.9;7.2
11.7;47.1;23.7;3.9;5.8;14.7;4.4;1.8;3.1;7;7.4
12.2;48.8;24.6;4.1;6;15.3;4.6;1.9;3.2;7.3;7.6
12.7;51;25.7;4.3;6.3;16;4.8;2;3.4;7.6;8
13.1;52.4;26.4;4.4;6.5;16.4;4.9;2;3.5;7.8;8.2
13.1;52.6;26.5;4.4;6.5;16.5;4.9;2;3.5;7.9;8.2
12.9;52;26.1;4.4;6.4;16.3;4.9;2;3.4;7.8;8.1
12.8;51.5;25.9;4.3;6.4;16.1;4.8;2;3.4;7.7;8
12.6;50.8;25.5;4.3;6.3;15.9;4.7;2;3.4;7.6;7.9
12.6;50.7;25.5;4.2;6.3;15.9;4.7;2;3.4;7.6;7.9
13.4;53.7;27;4.5;6.6;16.8;5;2.1;3.6;8;8.4
13.3;53.4;26.9;4.5;6.6;16.7;5;2.1;3.5;8;8.3
13.2;53;26.7;4.4;6.5;16.6;5;2.1;3.5;7.9;8.2
12.6;50.5;25.4;4.2;6.2;15.8;4.7;2;3.3;7.5;7.8
12.1;48.4;24.4;4;6;15.1;4.5;1.9;3.2;7.2;7.5
11.9;47.9;24.1;4;5.9;15;4.5;1.9;3.2;7.1;7.4
11.8;47.4;23.8;4;5.8;14.8;4.4;1.8;3.1;7.1;7.4
11.3;45.6;22.9;3.8;5.6;14.3;4.3;1.8;3;6.8;7.1
11.1;44.5;22.4;3.7;5.5;13.9;4.2;1.7;2.9;6.6;6.9
10.9;43.9;22.1;3.7;5.4;13.7;4.1;1.7;2.9;6.5;6.8
11;44.2;22.2;3.7;5.4;13.8;4.1;1.7;2.9;6.6;6.8
11.4;45.7;23;3.8;5.6;14.3;4.3;1.8;3;6.8;7.1
11.9;47.6;24;4;5.9;14.9;4.5;1.8;3.2;7.1;7.4
12.7;51.1;25.7;4.3;6.3;16;4.8;2;3.4;7.6;7.9
13.5;54.2;27.3;4.5;6.7;16.9;5.1;2.1;3.6;8.1;8.4
14.2;56.9;28.6;4.7;7;17.8;5.3;2.2;3.8;8.5;8.8
14.5;58.3;29.4;4.9;7.2;18.2;5.5;2.3;3.9;8.7;9
14.8;59.4;29.9;5;7.3;18.6;5.6;2.3;3.9;8.8;9.2
15;60.3;30.4;5;7.4;18.9;5.6;2.3;4;9;9.3
15.1;60.7;30.6;5.1;7.5;19;5.7;2.4;4;9;9.4
15.1;60.9;30.7;5.1;7.5;19.1;5.7;2.4;4;9;9.4
15.2;61.1;30.8;5.1;7.5;19.1;5.7;2.4;4;9.1;9.4
15.3;61.6;31;5.1;7.6;19.3;5.8;2.4;4.1;9.2;9.5
15.3;61.5;31;5.1;7.6;19.2;5.8;2.4;4.1;9.1;9.5
15.4;61.8;31.1;5.1;7.6;19.3;5.8;2.4;4.1;9.2;9.5
15.1;60.8;30.6;5.1;7.5;19;5.7;2.4;4;9;9.4
15;60.2;30.3;5;7.4;18.8;5.6;2.3;4;8.9;9.3
14.8;59.6;30;5;7.3;18.6;5.6;2.3;3.9;8.8;9.2
14.5;58.4;29.4;4.9;7.2;18.3;5.5;2.3;3.8;8.7;9
14.3;57.6;29;4.8;7.1;18;5.4;2.2;3.8;8.6;8.9
14.2;57;28.7;4.7;7;17.8;5.3;2.2;3.8;8.5;8.8
14.1;56.7;28.6;4.7;7;17.7;5.3;2.2;3.7;8.4;8.7
14.2;57.2;28.8;4.8;7;17.9;5.4;2.2;3.8;8.5;8.8
14.5;58.5;29.5;4.9;7.2;18.3;5.5;2.3;3.9;8.7;9
15;60.3;30.4;5;7.4;18.9;5.6;2.3;4;8.9;9.3
15.2;61.3;30.9;5.1;7.5;19.2;5.7;2.4;4;9.1;9.4
15;60.5;30.5;5;7.4;18.9;5.7;2.3;4;9;9.3
14.6;58.6;29.5;4.9;7.2;18.3;5.5;2.3;3.9;8.7;9
14.1;57;28.7;4.7;7;17.8;5.3;2.2;3.7;8.4;8.7
13.8;55.6;28;4.6;6.8;17.4;5.2;2.2;3.7;8.2;8.5
13.6;54.9;27.7;4.6;6.8;17.2;5.1;2.1;3.6;8.1;8.4
14.3;57.4;28.9;4.8;7.1;18;5.4;2.2;3.8;8.5;8.8
14.3;57.4;28.9;4.8;7.1;18;5.4;2.2;3.8;8.5;8.8
14.1;56.9;28.7;4.7;7;17.8;5.3;2.2;3.7;8.4;8.7
13.5;54.2;27.3;4.5;6.7;17;5.1;2.1;3.6;8;8.3
12.8;51.5;26;4.3;6.3;16.1;4.8;2;3.4;7.6;7.9
12.7;51.1;25.7;4.2;6.3;16;4.8;2;3.4;7.6;7.8
12.6;50.6;25.5;4.2;6.2;15.8;4.7;2;3.3;7.5;7.7
12.1;48.9;24.6;4.1;6;15.3;4.6;1.9;3.2;7.2;7.5
11.9;47.7;24.1;4;5.9;14.9;4.5;1.8;3.1;7.1;7.3
11.6;46.9;23.6;3.9;5.8;14.7;4.4;1.8;3.1;6.9;7.2
11.7;47;23.7;3.9;5.8;14.7;4.4;1.8;3.1;6.9;7.2
11.9;48.1;24.2;4;5.9;15;4.5;1.9;3.2;7.1;7.3
12.4;49.9;25.1;4.1;6.1;15.6;4.7;1.9;3.3;7.4;7.6
13.2;53.1;26.8;4.4;6.5;16.6;5;2.1;3.5;7.8;8.1
14;56.3;28.4;4.7;6.9;17.6;5.3;2.2;3.7;8.3;8.6
14.7;59.3;29.9;4.9;7.3;18.5;5.6;2.3;3.9;8.7;9
15.1;60.7;30.6;5;7.5;19;5.7;2.3;4;9;9.2
15.3;61.6;31.1;5.1;7.6;19.3;5.8;2.4;4;9.1;9.4
15.5;62.4;31.5;5.2;7.7;19.5;5.8;2.4;4.1;9.2;9.5
15.5;62.7;31.6;5.2;7.7;19.6;5.9;2.4;4.1;9.2;9.5
15.6;62.7;31.6;5.2;7.7;19.6;5.9;2.4;4.1;9.2;9.5
15.6;62.8;31.7;5.2;7.7;19.6;5.9;2.4;4.1;9.3;9.5
15.7;63.1;31.9;5.2;7.7;19.7;5.9;2.4;4.1;9.3;9.6
15.6;63;31.8;5.2;7.7;19.7;5.9;2.4;4.1;9.3;9.6
15.6;63;31.8;5.2;7.7;19.7;5.9;2.4;4.1;9.3;9.6
15.4;62.1;31.3;5.1;7.6;19.4;5.8;2.4;4.1;9.1;9.4
15.2;61.4;31;5.1;7.5;19.2;5.8;2.4;4;9;9.3
15.1;61;30.8;5;7.5;19.1;5.7;2.4;4;9;9.2
14.8;59.6;30.1;4.9;7.3;18.6;5.6;2.3;3.9;8.8;9
14.6;58.9;29.7;4.9;7.2;18.4;5.5;2.3;3.8;8.7;8.9
14.4;58.2;29.4;4.8;7.1;18.2;5.5;2.2;3.8;8.6;8.8
14.3;57.9;29.2;4.8;7.1;18.1;5.4;2.2;3.8;8.5;8.8
14.4;58.3;29.4;4.8;7.1;18.2;5.5;2.2;3.8;8.6;8.8
14.7;59.5;30;4.9;7.3;18.6;5.6;2.3;3.9;8.7;9
15.1;61.1;30.8;5;7.5;19.1;5.7;2.4;4;9;9.2
15.5;62.4;31.5;5.1;7.6;19.5;5.8;2.4;4.1;9.2;9.4
15.3;61.6;31.1;5.1;7.5;19.2;5.8;2.4;4;9;9.3
14.8;59.8;30.2;4.9;7.3;18.7;5.6;2.3;3.9;8.8;9
14.4;58;29.3;4.8;7.1;18.1;5.4;2.2;3.8;8.5;8.8
14.1;56.8;28.7;4.7;6.9;17.7;5.3;2.2;3.7;8.3;8.6
13.8;55.9;28.2;4.6;6.8;17.5;5.2;2.2;3.6;8.2;8.4
14.3;57.7;29.2;4.7;7.1;18;5.4;2.2;3.8;8.5;8.7
14.5;58.5;29.5;4.8;7.2;18.3;5.5;2.3;3.8;8.6;8.8
14.3;57.8;29.2;4.7;7.1;18.1;5.4;2.2;3.8;8.5;8.7
13.7;55.5;28;4.6;6.8;17.3;5.2;2.1;3.6;8.1;8.3
13;52.4;26.4;4.3;6.4;16.4;4.9;2;3.4;7.7;7.9
12.9;52;26.2;4.3;6.4;16.2;4.9;2;3.4;7.6;7.8
12.7;51.3;25.9;4.2;6.3;16;4.8;2;3.3;7.5;7.7
12.3;49.9;25.2;4.1;6.1;15.6;4.7;1.9;3.2;7.3;7.5
12;48.5;24.5;4;5.9;15.2;4.6;1.9;3.1;7.1;7.3
11.8;47.6;24;3.9;5.8;14.9;4.5;1.8;3.1;7;7.1
11.8;47.6;24;3.9;5.8;14.9;4.5;1.8;3.1;7;7.1
12;48.4;24.4;4;5.9;15.1;4.5;1.9;3.1;7.1;7.3
12.4;50.3;25.4;4.1;6.1;15.7;4.7;1.9;3.3;7.4;7.5
13.1;53.1;26.8;4.4;6.5;16.6;5;2;3.4;7.8;8
13.9;56.3;28.5;4.6;6.9;17.6;5.3;2.2;3.7;8.2;8.4
14.7;59.5;30.1;4.9;7.3;18.6;5.6;2.3;3.9;8.7;8.9
15.2;61.3;30.9;5;7.5;19.1;5.7;2.4;4;8.9;9.2
15.4;62.3;31.5;5.1;7.6;19.5;5.9;2.4;4;9.1;9.3
15.6;63.2;31.9;5.2;7.7;19.7;5.9;2.4;4.1;9.2;9.4
15.7;63.6;32.1;5.2;7.8;19.9;6;2.4;4.1;9.3;9.5
15.7;63.7;32.2;5.2;7.8;19.9;6;2.4;4.1;9.3;9.5
15.8;63.8;32.2;5.2;7.8;19.9;6;2.4;4.1;9.3;9.5
15.8;64;32.4;5.2;7.8;20;6;2.5;4.1;9.3;9.6
15.9;64.3;32.5;5.2;7.8;20.1;6;2.5;4.2;9.4;9.6
15.8;64;32.3;5.2;7.8;20;6;2.5;4.1;9.3;9.5
15.6;63.3;32;5.2;7.7;19.8;5.9;2.4;4.1;9.2;9.4
15.4;62.5;31.6;5.1;7.6;19.5;5.9;2.4;4;9.1;9.3
15.4;62.2;31.4;5.1;7.6;19.4;5.8;2.4;4;9.1;9.3
15;60.8;30.7;5;7.4;19;5.7;2.3;3.9;8.8;9
14.8;60;30.3;4.9;7.3;18.7;5.6;2.3;3.9;8.7;8.9
14.7;59.3;30;4.8;7.2;18.5;5.6;2.3;3.8;8.6;8.8
14.5;58.9;29.8;4.8;7.2;18.4;5.5;2.3;3.8;8.6;8.7
14.6;59.1;29.9;4.8;7.2;18.5;5.6;2.3;3.8;8.6;8.8
14.9;60.3;30.5;4.9;7.3;18.8;5.7;2.3;3.9;8.8;8.9
15.3;61.8;31.2;5;7.5;19.3;5.8;2.4;4;9;9.2
15.7;63.4;32.1;5.2;7.7;19.8;6;2.4;4.1;9.2;9.4
15.5;62.7;31.7;5.1;7.6;19.6;5.9;2.4;4;9.1;9.3
15.1;61;30.8;5;7.4;19;5.7;2.3;3.9;8.9;9
14.6;59.1;29.9;4.8;7.2;18.5;5.6;2.3;3.8;8.6;8.8
14.3;57.8;29.2;4.7;7;18.1;5.4;2.2;3.7;8.4;8.6
14;56.8;28.7;4.6;6.9;17.7;5.3;2.2;3.7;8.2;8.4
14.3;58;29.3;4.7;7.1;18.1;5.5;2.2;3.7;8.4;8.6
14.7;59.6;30.1;4.8;7.2;18.6;5.6;2.3;3.8;8.7;8.8
14.5;58.8;29.7;4.8;7.2;18.4;5.5;2.3;3.8;8.5;8.7
14;56.9;28.8;4.6;6.9;17.8;5.4;2.2;3.7;8.3;8.4
13.2;53.6;27.1;4.4;6.5;16.7;5;2;3.4;7.8;7.9
13.1;53;26.8;4.3;6.4;16.6;5;2;3.4;7.7;7.8
12.9;52.3;26.5;4.2;6.4;16.3;4.9;2;3.4;7.6;7.7
12.6;51.1;25.9;4.1;6.2;16;4.8;2;3.3;7.4;7.5
12.2;49.5;25.1;4;6;15.5;4.7;1.9;3.2;7.2;7.3
12;48.5;24.5;3.9;5.9;15.1;4.6;1.9;3.1;7;7.1
11.9;48.3;24.4;3.9;5.9;15.1;4.5;1.8;3.1;7;7.1
12;48.8;24.7;4;5.9;15.2;4.6;1.9;3.1;7.1;7.2
12.5;50.7;25.6;4.1;6.2;15.8;4.8;1.9;3.2;7.3;7.4
13.1;53.2;26.9;4.3;6.5;16.6;5;2;3.4;7.7;7.8
14;56.6;28.6;4.6;6.9;17.7;5.3;2.2;3.6;8.2;8.3
14.7;59.8;30.3;4.8;7.3;18.7;5.6;2.3;3.8;8.6;8.8
15.2;61.5;31.1;5;7.5;19.2;5.8;2.3;3.9;8.9;9
15.4;62.5;31.6;5.1;7.6;19.5;5.9;2.4;4;9;9.2
15.6;63.2;32;5.1;7.7;19.7;5.9;2.4;4;9.1;9.3
15.7;63.8;32.3;5.2;7.7;19.9;6;2.4;4.1;9.2;9.3
15.7;63.9;32.3;5.2;7.7;19.9;6;2.4;4.1;9.2;9.3
15.7;63.9;32.3;5.2;7.7;19.9;6;2.4;4.1;9.2;9.4
15.8;64.1;32.5;5.2;7.8;20;6;2.4;4.1;9.3;9.4
15.9;64.4;32.6;5.2;7.8;20.1;6.1;2.5;4.1;9.3;9.4
15.7;63.9;32.4;5.2;7.7;19.9;6;2.4;4.1;9.2;9.3
15.7;63.6;32.2;5.1;7.7;19.8;6;2.4;4.1;9.2;9.3
15.4;62.5;31.7;5;7.6;19.5;5.9;2.4;4;9;9.1
15.3;62.3;31.5;5;7.5;19.4;5.9;2.4;4;9;9.1
15;60.9;30.8;4.9;7.4;19;5.7;2.3;3.9;8.8;8.9
14.8;60.1;30.4;4.8;7.3;18.8;5.7;2.3;3.8;8.7;8.8
14.6;59.3;30;4.8;7.2;18.5;5.6;2.3;3.8;8.5;8.6
14.5;58.9;29.8;4.7;7.1;18.4;5.5;2.2;3.8;8.5;8.6
14.5;59;29.9;4.8;7.1;18.4;5.6;2.2;3.8;8.5;8.6
14.8;60.1;30.4;4.8;7.3;18.8;5.7;2.3;3.8;8.6;8.7
15.1;61.5;31.1;5;7.4;19.2;5.8;2.3;3.9;8.8;8.9
15.6;63.3;32.1;5.1;7.7;19.8;6;2.4;4;9.1;9.2
15.5;62.9;31.9;5.1;7.6;19.6;5.9;2.4;4;9;9.1
15.1;61.3;31.1;4.9;7.4;19.1;5.8;2.3;3.9;8.8;8.9
14.6;59.5;30.1;4.8;7.2;18.6;5.6;2.3;3.8;8.5;8.6
14.3;58.1;29.5;4.7;7;18.1;5.5;2.2;3.7;8.3;8.4
14;57;28.9;4.6;6.9;17.8;5.4;2.2;3.6;8.2;8.3
14.2;57.7;29.2;4.6;7;18;5.4;2.2;3.7;8.3;8.4
14.8;60.1;30.4;4.8;7.3;18.7;5.7;2.3;3.8;8.6;8.7
14.5;59.1;30;4.8;7.1;18.4;5.6;2.2;3.8;8.5;8.6
14.2;57.7;29.2;4.6;7;18;5.4;2.2;3.7;8.3;8.3
13.3;54.2;27.5;4.4;6.5;16.9;5.1;2.1;3.4;7.8;7.8
13.1;53.3;27;4.3;6.4;16.6;5;2;3.4;7.6;7.7
12.9;52.6;26.6;4.2;6.3;16.4;5;2;3.3;7.5;7.6
12.7;51.6;26.2;4.1;6.2;16.1;4.9;2;3.3;7.4;7.5
12.3;49.9;25.3;4;6;15.6;4.7;1.9;3.2;7.1;7.2
12;48.8;24.8;3.9;5.9;15.2;4.6;1.9;3.1;7;7
11.9;48.6;24.6;3.9;5.9;15.1;4.6;1.8;3.1;6.9;7
12;48.9;24.8;3.9;5.9;15.2;4.6;1.9;3.1;7;7
12.4;50.7;25.7;4.1;6.1;15.8;4.8;1.9;3.2;7.2;7.3
13;52.8;26.8;4.2;6.4;16.5;5;2;3.3;7.5;7.6
13.8;56.2;28.5;4.5;6.8;17.5;5.3;2.1;3.6;8;8.1
14.6;59.3;30;4.7;7.1;18.5;5.6;2.2;3.7;8.5;8.5
15;61.3;31.1;4.9;7.4;19.1;5.8;2.3;3.9;8.8;8.8
15.3;62.3;31.6;5;7.5;19.4;5.9;2.4;3.9;8.9;8.9
15.5;63.2;32;5.1;7.6;19.7;6;2.4;4;9;9.1
15.7;63.9;32.4;5.1;7.7;19.9;6;2.4;4;9.1;9.2
15.7;64;32.5;5.1;7.7;20;6;2.4;4;9.1;9.2
15.7;64;32.5;5.1;7.7;20;6;2.4;4;9.1;9.2
15.7;64.1;32.5;5.1;7.7;20;6;2.4;4.1;9.1;9.2
15.8;64.4;32.7;5.1;7.8;20.1;6.1;2.4;4.1;9.2;9.2
15.7;64;32.4;5.1;7.7;19.9;6;2.4;4;9.1;9.1
15.7;63.9;32.4;5.1;7.7;19.9;6;2.4;4;9.1;9.1
15.3;62.4;31.6;5;7.5;19.4;5.9;2.4;3.9;8.9;8.9
15.2;61.9;31.4;4.9;7.4;19.3;5.8;2.3;3.9;8.8;8.8
14.8;60.5;30.7;4.8;7.3;18.9;5.7;2.3;3.8;8.6;8.6
14.6;59.6;30.3;4.8;7.2;18.6;5.6;2.3;3.8;8.5;8.5
14.4;58.7;29.8;4.7;7.1;18.3;5.5;2.2;3.7;8.3;8.4
14.2;58;29.5;4.6;7;18.1;5.5;2.2;3.7;8.3;8.3
14.3;58.1;29.5;4.6;7;18.1;5.5;2.2;3.7;8.3;8.3
14.5;59.2;30;4.7;7.1;18.4;5.6;2.2;3.7;8.4;8.4
14.8;60.3;30.6;4.8;7.2;18.8;5.7;2.3;3.8;8.6;8.6
15.1;61.8;31.4;4.9;7.4;19.3;5.8;2.3;3.9;8.8;8.8
15.1;61.6;31.3;4.9;7.4;19.2;5.8;2.3;3.9;8.8;8.8
14.8;60.5;30.7;4.8;7.3;18.9;5.7;2.3;3.8;8.6;8.6
14.4;58.8;29.8;4.7;7.1;18.3;5.5;2.2;3.7;8.3;8.3
14.1;57.6;29.2;4.6;6.9;17.9;5.4;2.2;3.6;8.2;8.2
13.9;56.6;28.7;4.5;6.8;17.6;5.3;2.1;3.6;8;8
14;57;28.9;4.5;6.8;17.8;5.4;2.2;3.6;8.1;8.1
14.7;60;30.4;4.8;7.2;18.7;5.7;2.3;3.8;8.5;8.5
14.4;58.9;29.9;4.7;7.1;18.4;5.6;2.2;3.7;8.4;8.3
14.1;57.7;29.3;4.6;6.9;18;5.4;2.2;3.6;8.2;8.2
13.2;54;27.4;4.3;6.5;16.8;5.1;2;3.4;7.7;7.6
12.9;52.6;26.7;4.2;6.3;16.4;5;2;3.3;7.5;7.4
12.7;51.7;26.3;4.1;6.2;16.1;4.9;1.9;3.2;7.3;7.3
12.4;50.7;25.8;4;6.1;15.8;4.8;1.9;3.2;7.2;7.2
11.9;48.6;24.7;3.9;5.8;15.1;4.6;1.8;3;6.9;6.9
11.6;47.4;24.1;3.8;5.7;14.8;4.5;1.8;3;6.7;6.7
11.4;46.6;23.7;3.7;5.6;14.5;4.4;1.8;2.9;6.6;6.6
11.3;46.3;23.5;3.7;5.5;14.4;4.4;1.7;2.9;6.5;6.5
11.5;47;23.9;3.7;5.6;14.6;4.4;1.8;2.9;6.6;6.6
11.6;47.5;24.1;3.8;5.7;14.8;4.5;1.8;3;6.7;6.7
11.9;48.6;24.7;3.8;5.8;15.1;4.6;1.8;3;6.9;6.8
12.1;49.6;25.2;3.9;5.9;15.5;4.7;1.9;3.1;7;7
12.4;50.9;25.9;4;6.1;15.9;4.8;1.9;3.2;7.2;7.1
12.8;52.4;26.6;4.1;6.3;16.3;5;2;3.3;7.4;7.4
13.2;54.1;27.5;4.3;6.5;16.9;5.1;2;3.4;7.6;7.6
13.6;55.8;28.3;4.4;6.7;17.4;5.3;2.1;3.5;7.9;7.8
13.8;56.5;28.7;4.5;6.8;17.6;5.3;2.1;3.5;8;7.9
13.9;56.8;28.9;4.5;6.8;17.7;5.4;2.1;3.5;8;8
13.9;57;29;4.5;6.8;17.8;5.4;2.1;3.6;8;8
14.1;57.6;29.3;4.5;6.9;18;5.4;2.2;3.6;8.1;8.1
14.3;58.3;29.6;4.6;7;18.2;5.5;2.2;3.6;8.2;8.1
14.4;58.8;29.9;4.6;7;18.3;5.6;2.2;3.7;8.3;8.2
13.8;56.7;28.8;4.5;6.8;17.7;5.4;2.1;3.5;8;7.9
13.6;55.7;28.3;4.4;6.6;17.3;5.3;2.1;3.5;7.8;7.8
13.3;54.4;27.7;4.3;6.5;16.9;5.1;2;3.4;7.6;7.6
13;53.4;27.2;4.2;6.4;16.6;5.1;2;3.3;7.5;7.4
12.8;52.5;26.7;4.1;6.3;16.3;5;2;3.3;7.4;7.3
12.7;51.9;26.4;4.1;6.2;16.2;4.9;1.9;3.2;7.3;7.2
12.7;52;26.4;4.1;6.2;16.2;4.9;2;3.2;7.3;7.2
13;53.2;27;4.2;6.3;16.6;5;2;3.3;7.5;7.4
13.3;54.6;27.8;4.3;6.5;17;5.2;2;3.4;7.7;7.6
13.7;56.3;28.6;4.4;6.7;17.5;5.3;2.1;3.5;7.9;7.8
13.9;56.8;28.9;4.5;6.8;17.7;5.4;2.1;3.5;8;7.9
13.7;56.2;28.6;4.4;6.7;17.5;5.3;2.1;3.5;7.9;7.8
13.4;54.8;27.9;4.3;6.5;17.1;5.2;2.1;3.4;7.7;7.6
13.2;54;27.5;4.2;6.4;16.8;5.1;2;3.3;7.6;7.5
13;53.3;27.1;4.2;6.3;16.6;5;2;3.3;7.5;7.4
13.1;53.8;27.4;4.2;6.4;16.7;5.1;2;3.3;7.5;7.4
14;57.3;29.2;4.5;6.8;17.9;5.4;2.1;3.5;8;7.9
13.9;56.9;29;4.5;6.8;17.7;5.4;2.1;3.5;8;7.9
13.7;56;28.5;4.4;6.7;17.4;5.3;2.1;3.5;7.8;7.7
12.9;52.9;26.9;4.1;6.3;16.5;5;2;3.3;7.4;7.3
12.5;51.2;26;4;6.1;15.9;4.8;1.9;3.2;7.1;7.1
12.3;50.3;25.6;3.9;6;15.7;4.8;1.9;3.1;7;6.9
12;49.4;25.1;3.9;5.9;15.4;4.7;1.8;3;6.9;6.8
11.5;47.2;24;3.7;5.6;14.7;4.5;1.8;2.9;6.6;6.5
11.2;45.8;23.3;3.6;5.4;14.3;4.3;1.7;2.8;6.4;6.3
10.9;44.8;22.8;3.5;5.3;13.9;4.2;1.7;2.8;6.2;6.2
10.8;44.2;22.5;3.5;5.3;13.8;4.2;1.7;2.7;6.2;6.1
10.8;44.4;22.6;3.5;5.3;13.8;4.2;1.7;2.7;6.2;6.1
10.8;44.5;22.6;3.5;5.3;13.8;4.2;1.7;2.7;6.2;6.1
10.9;44.9;22.9;3.5;5.3;14;4.3;1.7;2.8;6.3;6.2
11;45.3;23;3.5;5.4;14.1;4.3;1.7;2.8;6.3;6.2
11.2;46;23.4;3.6;5.5;14.3;4.4;1.7;2.8;6.4;6.3
11.5;47;24;3.7;5.6;14.6;4.5;1.8;2.9;6.5;6.4
11.8;48.6;24.7;3.8;5.8;15.1;4.6;1.8;3;6.8;6.6
12.3;50.3;25.6;3.9;6;15.7;4.8;1.9;3.1;7;6.9
12.6;51.7;26.3;4;6.1;16.1;4.9;1.9;3.2;7.2;7.1
12.8;52.7;26.8;4.1;6.2;16.4;5;2;3.2;7.3;7.2
13;53.3;27.2;4.2;6.3;16.6;5.1;2;3.3;7.4;7.3
13.2;54.1;27.6;4.2;6.4;16.8;5.1;2;3.3;7.5;7.4
13.4;55;28;4.3;6.5;17.1;5.2;2.1;3.4;7.6;7.5
13.6;55.8;28.4;4.3;6.6;17.4;5.3;2.1;3.4;7.7;7.6
13;53.5;27.2;4.2;6.3;16.6;5.1;2;3.3;7.4;7.3
12.6;51.8;26.4;4;6.1;16.1;4.9;1.9;3.2;7.2;7
12.3;50.6;25.8;3.9;6;15.8;4.8;1.9;3.1;7;6.9
12;49.5;25.2;3.8;5.9;15.4;4.7;1.8;3;6.9;6.7
11.8;48.7;24.8;3.8;5.8;15.1;4.6;1.8;3;6.7;6.6
11.7;48.2;24.6;3.7;5.7;15;4.6;1.8;3;6.7;6.5
11.7;48.3;24.6;3.7;5.7;15;4.6;1.8;3;6.7;6.5
12;49.5;25.2;3.8;5.9;15.4;4.7;1.8;3;6.8;6.7
12.5;51.4;26.2;4;6.1;16;4.9;1.9;3.1;7.1;7
13;53.7;27.4;4.2;6.3;16.7;5.1;2;3.3;7.4;7.3
13.4;55.1;28.1;4.3;6.5;17.1;5.2;2.1;3.4;7.6;7.5
13.5;55.4;28.2;4.3;6.5;17.2;5.3;2.1;3.4;7.6;7.5
13.3;54.7;27.9;4.2;6.5;17;5.2;2;3.3;7.5;7.4
13.2;54.2;27.6;4.2;6.4;16.9;5.1;2;3.3;7.5;7.3
13;53.4;27.2;4.1;6.3;16.6;5.1;2;3.3;7.4;7.2
13;53.4;27.2;4.1;6.3;16.6;5.1;2;3.3;7.4;7.2
13.7;56.6;28.8;4.4;6.7;17.6;5.4;2.1;3.4;7.8;7.6
13.6;56.2;28.7;4.3;6.6;17.5;5.3;2.1;3.4;7.7;7.6
0;0;0;0;0;0;0;0;0;0;0
